Link Id	Count Station Id	Hour	MATSIM volumes	Count volumes	Relative Error	Normalized Relative Error	GEH
31984	FHA_55_130604_1	1	20.4	133	-0.847	0.847	12.857
31984	FHA_55_130604_1	2	4	96	-0.958	0.958	13.011
31984	FHA_55_130604_1	3	34.4	98	-0.649	0.649	7.817
31984	FHA_55_130604_1	4	21.6	110	-0.804	0.804	10.898
31984	FHA_55_130604_1	5	120	260	-0.538	0.538	10.157
31984	FHA_55_130604_1	6	487.2	628	-0.224	0.224	5.963
31984	FHA_55_130604_1	7	1018.4	1050	-0.03	0.03	0.983
31984	FHA_55_130604_1	8	2362.4	1687	0.4	0.286	15.01
31984	FHA_55_130604_1	9	2057.2	1615	0.274	0.215	10.32
31984	FHA_55_130604_1	10	1204.4	1405	-0.143	0.143	5.554
31984	FHA_55_130604_1	11	926	1406	-0.341	0.341	14.057
31984	FHA_55_130604_1	12	913.2	1489	-0.387	0.387	16.614
31984	FHA_55_130604_1	13	920.4	1541	-0.403	0.403	17.69
31984	FHA_55_130604_1	14	908.4	1541	-0.411	0.411	18.076
31984	FHA_55_130604_1	15	1018.8	1652	-0.383	0.383	17.327
31984	FHA_55_130604_1	16	1274.4	1848	-0.31	0.31	14.517
31984	FHA_55_130604_1	17	1294	2010	-0.356	0.356	17.616
31984	FHA_55_130604_1	18	1176.8	1969	-0.402	0.402	19.975
31984	FHA_55_130604_1	19	891.2	1483	-0.399	0.399	17.176
31984	FHA_55_130604_1	20	605.2	1052	-0.425	0.425	15.522
31984	FHA_55_130604_1	21	389.2	783	-0.503	0.503	16.266
31984	FHA_55_130604_1	22	290	643	-0.549	0.549	16.344
31984	FHA_55_130604_1	23	160.8	451	-0.643	0.643	16.592
31984	FHA_55_130604_1	24	46.4	271	-0.829	0.829	17.829
31990	FHA_55_130215_5	1	54.4	62	-0.123	0.123	0.996
31990	FHA_55_130215_5	2	8	49	-0.837	0.837	7.68
31990	FHA_55_130215_5	3	25.2	42	-0.4	0.4	2.898
31990	FHA_55_130215_5	4	6.8	41	-0.834	0.834	6.996
31990	FHA_55_130215_5	5	29.6	93	-0.682	0.682	8.098
31990	FHA_55_130215_5	6	180.8	195	-0.073	0.073	1.036
31990	FHA_55_130215_5	7	358.8	390	-0.08	0.08	1.612
31990	FHA_55_130215_5	8	871.6	701	0.243	0.196	6.084
31990	FHA_55_130215_5	9	1082.4	686	0.578	0.366	13.331
31990	FHA_55_130215_5	10	725.2	657	0.104	0.094	2.594
31990	FHA_55_130215_5	11	528.8	709	-0.254	0.254	7.243
31990	FHA_55_130215_5	12	588.8	843	-0.302	0.302	9.501
31990	FHA_55_130215_5	13	676.4	899	-0.248	0.248	7.931
31990	FHA_55_130215_5	14	607.6	927	-0.345	0.345	11.531
31990	FHA_55_130215_5	15	818.8	1091	-0.249	0.249	8.809
31990	FHA_55_130215_5	16	890	1227	-0.275	0.275	10.358
31990	FHA_55_130215_5	17	895.6	1245	-0.281	0.281	10.68
31990	FHA_55_130215_5	18	648.8	949	-0.316	0.316	10.621
31990	FHA_55_130215_5	19	455.6	738	-0.383	0.383	11.56
31990	FHA_55_130215_5	20	314.8	590	-0.466	0.466	12.939
31990	FHA_55_130215_5	21	238.4	449	-0.469	0.469	11.36
31990	FHA_55_130215_5	22	159.2	355	-0.552	0.552	12.211
31990	FHA_55_130215_5	23	108.4	221	-0.51	0.51	8.774
31990	FHA_55_130215_5	24	34	155	-0.781	0.781	12.447
40760	FHA_55_130215_1	1	10.4	62	-0.832	0.832	8.576
40760	FHA_55_130215_1	2	0.4	39	-0.99	0.99	8.697
40760	FHA_55_130215_1	3	24.4	58	-0.579	0.579	5.235
40760	FHA_55_130215_1	4	22.8	70	-0.674	0.674	6.929
40760	FHA_55_130215_1	5	83.2	135	-0.384	0.384	4.959
40760	FHA_55_130215_1	6	422.4	382	0.106	0.096	2.014
40760	FHA_55_130215_1	7	649.6	690	-0.059	0.059	1.561
40760	FHA_55_130215_1	8	1408.4	1102	0.278	0.218	8.648
40760	FHA_55_130215_1	9	1293.6	1162	0.113	0.102	3.756
40760	FHA_55_130215_1	10	814.4	976	-0.166	0.166	5.401
40760	FHA_55_130215_1	11	719.2	929	-0.226	0.226	7.308
40760	FHA_55_130215_1	12	723.2	988	-0.268	0.268	9.053
40760	FHA_55_130215_1	13	584	1010	-0.422	0.422	15.09
40760	FHA_55_130215_1	14	619.2	947	-0.346	0.346	11.714
40760	FHA_55_130215_1	15	640.8	983	-0.348	0.348	12.01
40760	FHA_55_130215_1	16	703.6	1077	-0.347	0.347	12.514
40760	FHA_55_130215_1	17	626	1213	-0.484	0.484	19.358
40760	FHA_55_130215_1	18	402.4	1067	-0.623	0.623	24.519
40760	FHA_55_130215_1	19	345.6	776	-0.555	0.555	18.175
40760	FHA_55_130215_1	20	209.2	549	-0.619	0.619	17.452
40760	FHA_55_130215_1	21	120.8	381	-0.683	0.683	16.427
40760	FHA_55_130215_1	22	97.6	294	-0.668	0.668	14.036
40760	FHA_55_130215_1	23	31.6	221	-0.857	0.857	16.853
40760	FHA_55_130215_1	24	14.8	122	-0.879	0.879	12.962
42243	FHA_55_130604_5	1	40.8	138	-0.704	0.704	10.28
42243	FHA_55_130604_5	2	8.4	84	-0.9	0.9	11.122
42243	FHA_55_130604_5	3	25.6	66	-0.612	0.612	5.97
42243	FHA_55_130604_5	4	25.2	91	-0.723	0.723	8.633
42243	FHA_55_130604_5	5	122.4	217	-0.436	0.436	7.262
42243	FHA_55_130604_5	6	604.8	492	0.229	0.187	4.817
42243	FHA_55_130604_5	7	930.4	1133	-0.179	0.179	6.308
42243	FHA_55_130604_5	8	1629.6	1750	-0.069	0.069	2.929
42243	FHA_55_130604_5	9	1465.6	1704	-0.14	0.14	5.989
42243	FHA_55_130604_5	10	946.4	1460	-0.352	0.352	14.807
42243	FHA_55_130604_5	11	869.2	1434	-0.394	0.394	16.643
42243	FHA_55_130604_5	12	820.4	1552	-0.471	0.471	21.242
42243	FHA_55_130604_5	13	864.8	1624	-0.467	0.467	21.522
42243	FHA_55_130604_5	14	928.4	1628	-0.43	0.43	19.568
42243	FHA_55_130604_5	15	1358	1813	-0.251	0.251	11.427
42243	FHA_55_130604_5	16	1640	2011	-0.184	0.184	8.683
42243	FHA_55_130604_5	17	1365.2	2083	-0.345	0.345	17.287
42243	FHA_55_130604_5	18	1031.6	1746	-0.409	0.409	19.17
42243	FHA_55_130604_5	19	739.6	1334	-0.446	0.446	18.46
42243	FHA_55_130604_5	20	512.8	1047	-0.51	0.51	19.129
42243	FHA_55_130604_5	21	403.6	861	-0.531	0.531	18.19
42243	FHA_55_130604_5	22	226.4	701	-0.677	0.677	22.04
42243	FHA_55_130604_5	23	145.6	488	-0.702	0.702	19.237
42243	FHA_55_130604_5	24	44.8	296	-0.849	0.849	19.244
44151	FHA_55_131576_1	1	6	15	-0.6	0.6	2.777
44151	FHA_55_131576_1	2	0	10	-1	1	4.472
44151	FHA_55_131576_1	3	6	11	-0.455	0.455	1.715
44151	FHA_55_131576_1	4	4	7	-0.429	0.429	1.279
44151	FHA_55_131576_1	5	11.6	20	-0.42	0.42	2.113
44151	FHA_55_131576_1	6	88.8	67	0.325	0.245	2.47
44151	FHA_55_131576_1	7	144.8	151	-0.041	0.041	0.51
44151	FHA_55_131576_1	8	636.8	191	2.334	0.7	21.913
44151	FHA_55_131576_1	9	638.8	160	2.992	0.75	23.958
44151	FHA_55_131576_1	10	270.8	145	0.868	0.465	8.725
44151	FHA_55_131576_1	11	138	153	-0.098	0.098	1.244
44151	FHA_55_131576_1	12	120.4	155	-0.223	0.223	2.949
44151	FHA_55_131576_1	13	86.4	163	-0.47	0.47	6.86
44151	FHA_55_131576_1	14	93.6	171	-0.453	0.453	6.729
44151	FHA_55_131576_1	15	157.2	195	-0.194	0.194	2.848
44151	FHA_55_131576_1	16	144	278	-0.482	0.482	9.225
44151	FHA_55_131576_1	17	184.8	325	-0.431	0.431	8.781
44151	FHA_55_131576_1	18	154	246	-0.374	0.374	6.505
44151	FHA_55_131576_1	19	102.4	151	-0.322	0.322	4.318
44151	FHA_55_131576_1	20	82.8	102	-0.188	0.188	1.997
44151	FHA_55_131576_1	21	38.4	67	-0.427	0.427	3.94
44151	FHA_55_131576_1	22	40.4	50	-0.192	0.192	1.428
44151	FHA_55_131576_1	23	25.2	34	-0.259	0.259	1.617
44151	FHA_55_131576_1	24	0.8	23	-0.965	0.965	6.435
44152	FHA_55_131576_5	1	4	7	-0.429	0.429	1.279
44152	FHA_55_131576_5	2	0	7	-1	1	3.742
44152	FHA_55_131576_5	3	3.6	4	-0.1	0.1	0.205
44152	FHA_55_131576_5	4	0	10	-1	1	4.472
44152	FHA_55_131576_5	5	22.8	23	-0.009	0.009	0.042
44152	FHA_55_131576_5	6	44.8	97	-0.538	0.538	6.199
44152	FHA_55_131576_5	7	131.2	238	-0.449	0.449	7.861
44152	FHA_55_131576_5	8	248.8	261	-0.047	0.047	0.764
44152	FHA_55_131576_5	9	226.8	177	0.281	0.22	3.505
44152	FHA_55_131576_5	10	143.6	126	0.14	0.123	1.516
44152	FHA_55_131576_5	11	109.2	120	-0.09	0.09	1.009
44152	FHA_55_131576_5	12	90.4	130	-0.305	0.305	3.772
44152	FHA_55_131576_5	13	110.8	134	-0.173	0.173	2.097
44152	FHA_55_131576_5	14	99.6	134	-0.257	0.257	3.183
44152	FHA_55_131576_5	15	183.6	156	0.177	0.15	2.118
44152	FHA_55_131576_5	16	168.4	192	-0.123	0.123	1.758
44152	FHA_55_131576_5	17	191.2	232	-0.176	0.176	2.805
44152	FHA_55_131576_5	18	153.2	179	-0.144	0.144	2.002
44152	FHA_55_131576_5	19	108.8	105	0.036	0.035	0.368
44152	FHA_55_131576_5	20	81.6	66	0.236	0.191	1.816
44152	FHA_55_131576_5	21	59.6	58	0.028	0.027	0.209
44152	FHA_55_131576_5	22	24.8	43	-0.423	0.423	3.126
44152	FHA_55_131576_5	23	41.6	31	0.342	0.255	1.759
44152	FHA_55_131576_5	24	10	18	-0.444	0.444	2.138
46429	FHA_55_131959_1	1	0	2	-1	1	2
46429	FHA_55_131959_1	2	0	1	-1	1	1.414
46429	FHA_55_131959_1	3	0	0	0	0	NaN
46429	FHA_55_131959_1	4	0	0	0	0	NaN
46429	FHA_55_131959_1	5	0	1	-1	1	1.414
46429	FHA_55_131959_1	6	0	3	-1	1	2.449
46429	FHA_55_131959_1	7	3.2	6	-0.467	0.467	1.306
46429	FHA_55_131959_1	8	4.4	23	-0.809	0.809	5.025
46429	FHA_55_131959_1	9	43.6	50	-0.128	0.128	0.936
46429	FHA_55_131959_1	10	26.8	36	-0.256	0.256	1.642
46429	FHA_55_131959_1	11	33.2	40	-0.17	0.17	1.124
46429	FHA_55_131959_1	12	44.8	51	-0.122	0.122	0.896
46429	FHA_55_131959_1	13	42	57	-0.263	0.263	2.132
46429	FHA_55_131959_1	14	36.4	57	-0.361	0.361	3.014
46429	FHA_55_131959_1	15	67.6	61	0.108	0.098	0.823
46429	FHA_55_131959_1	16	89.6	75	0.195	0.163	1.609
46429	FHA_55_131959_1	17	73.2	85	-0.139	0.139	1.327
46429	FHA_55_131959_1	18	47.2	82	-0.424	0.424	4.33
46429	FHA_55_131959_1	19	49.6	63	-0.213	0.213	1.786
46429	FHA_55_131959_1	20	36	53	-0.321	0.321	2.548
46429	FHA_55_131959_1	21	37.6	40	-0.06	0.06	0.385
46429	FHA_55_131959_1	22	19.6	26	-0.246	0.246	1.34
46429	FHA_55_131959_1	23	8.8	12	-0.267	0.267	0.992
46429	FHA_55_131959_1	24	0	6	-1	1	3.464
46430	FHA_55_131959_5	1	0	1	-1	1	1.414
46430	FHA_55_131959_5	2	0	0	0	0	NaN
46430	FHA_55_131959_5	3	0	0	0	0	NaN
46430	FHA_55_131959_5	4	0	1	-1	1	1.414
46430	FHA_55_131959_5	5	0	4	-1	1	2.828
46430	FHA_55_131959_5	6	25.2	9	1.8	0.643	3.918
46430	FHA_55_131959_5	7	36	27	0.333	0.25	1.604
46430	FHA_55_131959_5	8	104.4	84	0.243	0.195	2.102
46430	FHA_55_131959_5	9	49.2	89	-0.447	0.447	4.788
46430	FHA_55_131959_5	10	40	66	-0.394	0.394	3.571
46430	FHA_55_131959_5	11	33.6	59	-0.431	0.431	3.733
46430	FHA_55_131959_5	12	54.8	61	-0.102	0.102	0.815
46430	FHA_55_131959_5	13	34.8	61	-0.43	0.43	3.786
46430	FHA_55_131959_5	14	59.2	51	0.161	0.139	1.105
46430	FHA_55_131959_5	15	23.6	55	-0.571	0.571	5.009
46430	FHA_55_131959_5	16	32.4	61	-0.469	0.469	4.185
46430	FHA_55_131959_5	17	48.4	67	-0.278	0.278	2.449
46430	FHA_55_131959_5	18	41.2	63	-0.346	0.346	3.02
46430	FHA_55_131959_5	19	36.4	45	-0.191	0.191	1.348
46430	FHA_55_131959_5	20	31.2	24	0.3	0.231	1.37
46430	FHA_55_131959_5	21	1.6	19	-0.916	0.916	5.422
46430	FHA_55_131959_5	22	17.6	13	0.354	0.261	1.176
46430	FHA_55_131959_5	23	8	7	0.143	0.125	0.365
46430	FHA_55_131959_5	24	1.2	3	-0.6	0.6	1.242
74729	FHA_55_130011_7	1	202	374	-0.46	0.46	10.135
74729	FHA_55_130011_7	2	106	264	-0.598	0.598	11.616
74729	FHA_55_130011_7	3	127.6	232	-0.45	0.45	7.786
74729	FHA_55_130011_7	4	147.6	277	-0.467	0.467	8.881
74729	FHA_55_130011_7	5	650	718	-0.095	0.095	2.6
74729	FHA_55_130011_7	6	3154	2298	0.372	0.271	16.395
74729	FHA_55_130011_7	7	4729.6	4765	-0.007	0.007	0.514
74729	FHA_55_130011_7	8	6982.8	6728	0.038	0.036	3.077
74729	FHA_55_130011_7	9	6460.4	5595	0.155	0.134	11.147
74729	FHA_55_130011_7	10	4834	4317	0.12	0.107	7.643
74729	FHA_55_130011_7	11	3408	3925	-0.132	0.132	8.538
74729	FHA_55_130011_7	12	2664.8	3988	-0.332	0.332	22.942
74729	FHA_55_130011_7	13	2577.6	4161	-0.381	0.381	27.279
74729	FHA_55_130011_7	14	2776	4059	-0.316	0.316	21.947
74729	FHA_55_130011_7	15	3492	4475	-0.22	0.22	15.575
74729	FHA_55_130011_7	16	4451.2	4951	-0.101	0.101	7.289
74729	FHA_55_130011_7	17	4005.2	5401	-0.258	0.258	20.353
74729	FHA_55_130011_7	18	3525.6	4555	-0.226	0.226	16.195
74729	FHA_55_130011_7	19	2767.6	3612	-0.234	0.234	14.951
74729	FHA_55_130011_7	20	1941.6	2617	-0.258	0.258	14.147
74729	FHA_55_130011_7	21	1377.6	2110	-0.347	0.347	17.539
74729	FHA_55_130011_7	22	907.6	1735	-0.477	0.477	22.762
74729	FHA_55_130011_7	23	520.8	1250	-0.583	0.583	24.506
74729	FHA_55_130011_7	24	304.8	759	-0.598	0.598	19.694
81215	FHA_55_130011_3	1	225.6	348	-0.352	0.352	7.228
81215	FHA_55_130011_3	2	84.4	234	-0.639	0.639	11.857
81215	FHA_55_130011_3	3	252.8	217	0.165	0.142	2.336
81215	FHA_55_130011_3	4	158.4	272	-0.418	0.418	7.744
81215	FHA_55_130011_3	5	393.6	605	-0.349	0.349	9.461
81215	FHA_55_130011_3	6	1625.6	1658	-0.02	0.02	0.8
81215	FHA_55_130011_3	7	2891.2	3211	-0.1	0.1	5.79
81215	FHA_55_130011_3	8	5365.2	4980	0.077	0.072	5.356
81215	FHA_55_130011_3	9	4921.2	4309	0.142	0.124	9.012
81215	FHA_55_130011_3	10	3466.4	3668	-0.055	0.055	3.375
81215	FHA_55_130011_3	11	2879.2	3740	-0.23	0.23	14.963
81215	FHA_55_130011_3	12	2933.2	4091	-0.283	0.283	19.537
81215	FHA_55_130011_3	13	3181.6	4372	-0.272	0.272	19.37
81215	FHA_55_130011_3	14	3535.2	4597	-0.231	0.231	16.652
81215	FHA_55_130011_3	15	4580.8	5470	-0.163	0.163	12.543
81215	FHA_55_130011_3	16	5392.4	6477	-0.167	0.167	14.079
81215	FHA_55_130011_3	17	5488.8	6591	-0.167	0.167	14.182
81215	FHA_55_130011_3	18	5274	5895	-0.105	0.105	8.31
81215	FHA_55_130011_3	19	4298	4013	0.071	0.066	4.421
81215	FHA_55_130011_3	20	2954.4	2873	0.028	0.028	1.508
81215	FHA_55_130011_3	21	2131.6	2251	-0.053	0.053	2.551
81215	FHA_55_130011_3	22	1550.4	1841	-0.158	0.158	7.057
81215	FHA_55_130011_3	23	1027.6	1206	-0.148	0.148	5.338
81215	FHA_55_130011_3	24	518	737	-0.297	0.297	8.743
