Link Id	Count Station Id	Hour	MATSIM volumes	Count volumes	Relative Error	Normalized Relative Error	GEH
100972	FHA_34_000208_1	1	327	213	0.535	0.349	6.938
100972	FHA_34_000208_1	2	113	106	0.066	0.062	0.669
100972	FHA_34_000208_1	3	219	69	2.174	0.685	12.5
100972	FHA_34_000208_1	4	221	100	1.21	0.548	9.551
100972	FHA_34_000208_1	5	380	180	1.111	0.526	11.952
100972	FHA_34_000208_1	6	2316	454	4.101	0.804	50.033
100972	FHA_34_000208_1	7	2803	1261	1.223	0.55	34.208
100972	FHA_34_000208_1	8	3070	2365	0.298	0.23	13.524
100972	FHA_34_000208_1	9	2530	2494	0.014	0.014	0.718
100972	FHA_34_000208_1	10	1940	1770	0.096	0.088	3.947
100972	FHA_34_000208_1	11	1579	1525	0.035	0.034	1.371
100972	FHA_34_000208_1	12	1578	1629	-0.031	0.031	1.274
100972	FHA_34_000208_1	13	1690	1741	-0.029	0.029	1.231
100972	FHA_34_000208_1	14	1800	1854	-0.029	0.029	1.263
100972	FHA_34_000208_1	15	2320	2318	0.001	0.001	0.042
100972	FHA_34_000208_1	16	2414	3135	-0.23	0.23	13.688
100972	FHA_34_000208_1	17	2490	3048	-0.183	0.183	10.604
100972	FHA_34_000208_1	18	2348	2865	-0.18	0.18	10.127
100972	FHA_34_000208_1	19	2204	2287	-0.036	0.036	1.752
100972	FHA_34_000208_1	20	2143	1615	0.327	0.246	12.181
100972	FHA_34_000208_1	21	1968	1196	0.645	0.392	19.409
100972	FHA_34_000208_1	22	1843	972	0.896	0.473	23.216
100972	FHA_34_000208_1	23	1620	609	1.66	0.624	30.284
100972	FHA_34_000208_1	24	1403	386	2.635	0.725	34.004
105338	FHA_34_0001CL-p2_5+FHA_34_0001CX-p2_5	1	15	214	-0.93	0.93	18.597
105338	FHA_34_0001CL-p2_5+FHA_34_0001CX-p2_5	2	8	142	-0.944	0.944	15.473
105338	FHA_34_0001CL-p2_5+FHA_34_0001CX-p2_5	3	4	126	-0.968	0.968	15.132
105338	FHA_34_0001CL-p2_5+FHA_34_0001CX-p2_5	4	9	154	-0.942	0.942	16.062
105338	FHA_34_0001CL-p2_5+FHA_34_0001CX-p2_5	5	38	293	-0.87	0.87	19.822
105338	FHA_34_0001CL-p2_5+FHA_34_0001CX-p2_5	6	67	478	-0.86	0.86	24.898
105338	FHA_34_0001CL-p2_5+FHA_34_0001CX-p2_5	7	184	635	-0.71	0.71	22.287
105338	FHA_34_0001CL-p2_5+FHA_34_0001CX-p2_5	8	399	690	-0.422	0.422	12.471
105338	FHA_34_0001CL-p2_5+FHA_34_0001CX-p2_5	9	565	630	-0.103	0.103	2.659
105338	FHA_34_0001CL-p2_5+FHA_34_0001CX-p2_5	10	348	560	-0.379	0.379	9.95
105338	FHA_34_0001CL-p2_5+FHA_34_0001CX-p2_5	11	321	538	-0.403	0.403	10.471
105338	FHA_34_0001CL-p2_5+FHA_34_0001CX-p2_5	12	238	576	-0.587	0.587	16.754
105338	FHA_34_0001CL-p2_5+FHA_34_0001CX-p2_5	13	187	630	-0.703	0.703	21.918
105338	FHA_34_0001CL-p2_5+FHA_34_0001CX-p2_5	14	217	673	-0.678	0.678	21.616
105338	FHA_34_0001CL-p2_5+FHA_34_0001CX-p2_5	15	300	748	-0.599	0.599	19.571
105338	FHA_34_0001CL-p2_5+FHA_34_0001CX-p2_5	16	175	838	-0.791	0.791	29.459
105338	FHA_34_0001CL-p2_5+FHA_34_0001CX-p2_5	17	277	838	-0.669	0.669	23.76
105338	FHA_34_0001CL-p2_5+FHA_34_0001CX-p2_5	18	256	820	-0.688	0.688	24.316
105338	FHA_34_0001CL-p2_5+FHA_34_0001CX-p2_5	19	214	757	-0.717	0.717	24.644
105338	FHA_34_0001CL-p2_5+FHA_34_0001CX-p2_5	20	195	602	-0.676	0.676	20.388
105338	FHA_34_0001CL-p2_5+FHA_34_0001CX-p2_5	21	160	504	-0.683	0.683	18.879
105338	FHA_34_0001CL-p2_5+FHA_34_0001CX-p2_5	22	159	457	-0.652	0.652	16.98
105338	FHA_34_0001CL-p2_5+FHA_34_0001CX-p2_5	23	152	414	-0.633	0.633	15.574
105338	FHA_34_0001CL-p2_5+FHA_34_0001CX-p2_5	24	183	298	-0.386	0.386	7.415
132973	FHA_34_0080DL-p2_7	1	73	362	-0.798	0.798	19.596
132973	FHA_34_0080DL-p2_7	2	41	204	-0.799	0.799	14.727
132973	FHA_34_0080DL-p2_7	3	48	151	-0.682	0.682	10.326
132973	FHA_34_0080DL-p2_7	4	65	180	-0.639	0.639	10.39
132973	FHA_34_0080DL-p2_7	5	140	277	-0.495	0.495	9.488
132973	FHA_34_0080DL-p2_7	6	308	510	-0.396	0.396	9.988
132973	FHA_34_0080DL-p2_7	7	569	1016	-0.44	0.44	15.878
132973	FHA_34_0080DL-p2_7	8	703	1442	-0.512	0.512	22.566
132973	FHA_34_0080DL-p2_7	9	870	1468	-0.407	0.407	17.49
132973	FHA_34_0080DL-p2_7	10	716	1254	-0.429	0.429	17.142
132973	FHA_34_0080DL-p2_7	11	719	1235	-0.418	0.418	16.508
132973	FHA_34_0080DL-p2_7	12	566	1246	-0.546	0.546	22.591
132973	FHA_34_0080DL-p2_7	13	553	1306	-0.577	0.577	24.698
132973	FHA_34_0080DL-p2_7	14	565	1394	-0.595	0.595	26.488
132973	FHA_34_0080DL-p2_7	15	563	1542	-0.635	0.635	30.177
132973	FHA_34_0080DL-p2_7	16	576	1808	-0.681	0.681	35.684
132973	FHA_34_0080DL-p2_7	17	582	1758	-0.669	0.669	34.381
132973	FHA_34_0080DL-p2_7	18	566	1647	-0.656	0.656	32.498
132973	FHA_34_0080DL-p2_7	19	496	1619	-0.694	0.694	34.533
132973	FHA_34_0080DL-p2_7	20	493	1290	-0.618	0.618	26.693
132973	FHA_34_0080DL-p2_7	21	429	1012	-0.576	0.576	21.72
132973	FHA_34_0080DL-p2_7	22	406	797	-0.491	0.491	15.943
132973	FHA_34_0080DL-p2_7	23	400	660	-0.394	0.394	11.294
132973	FHA_34_0080DL-p2_7	24	397	546	-0.273	0.273	6.862
169791	FHA_36_000598_1	1	226	106	1.132	0.531	9.314
169791	FHA_36_000598_1	2	90	73	0.233	0.189	1.883
169791	FHA_36_000598_1	3	194	76	1.553	0.608	10.156
169791	FHA_36_000598_1	4	201	82	1.451	0.592	10.004
169791	FHA_36_000598_1	5	1087	203	4.355	0.813	34.807
169791	FHA_36_000598_1	6	2039	391	4.215	0.808	47.279
169791	FHA_36_000598_1	7	2219	911	1.436	0.589	33.064
169791	FHA_36_000598_1	8	2127	1233	0.725	0.42	21.811
169791	FHA_36_000598_1	9	2268	900	1.52	0.603	34.372
169791	FHA_36_000598_1	10	2372	626	2.789	0.736	45.097
169791	FHA_36_000598_1	11	2398	533	3.499	0.778	48.718
169791	FHA_36_000598_1	12	2393	507	3.72	0.788	49.529
169791	FHA_36_000598_1	13	2378	494	3.814	0.792	49.717
169791	FHA_36_000598_1	14	2382	568	3.194	0.762	47.233
169791	FHA_36_000598_1	15	2379	611	2.894	0.743	45.726
169791	FHA_36_000598_1	16	2374	562	3.224	0.763	47.293
169791	FHA_36_000598_1	17	2330	550	3.236	0.764	46.907
169791	FHA_36_000598_1	18	2213	586	2.776	0.735	43.491
169791	FHA_36_000598_1	19	2117	555	2.814	0.738	42.734
169791	FHA_36_000598_1	20	1957	466	3.2	0.762	42.837
169791	FHA_36_000598_1	21	1688	366	3.612	0.783	41.252
169791	FHA_36_000598_1	22	1453	298	3.876	0.795	39.035
169791	FHA_36_000598_1	23	1269	324	2.917	0.745	33.484
169791	FHA_36_000598_1	24	1168	226	4.168	0.807	35.681
172626	FHA_34_N02120_1	1	68	609	-0.888	0.888	29.405
172626	FHA_34_N02120_1	2	24	281	-0.915	0.915	20.811
172626	FHA_34_N02120_1	3	48	249	-0.807	0.807	16.494
172626	FHA_34_N02120_1	4	57	283	-0.799	0.799	17.333
172626	FHA_34_N02120_1	5	120	438	-0.726	0.726	19.038
172626	FHA_34_N02120_1	6	406	943	-0.569	0.569	20.677
172626	FHA_34_N02120_1	7	1302	1978	-0.342	0.342	16.693
172626	FHA_34_N02120_1	8	2383	2805	-0.15	0.15	8.286
172626	FHA_34_N02120_1	9	2450	2743	-0.107	0.107	5.75
172626	FHA_34_N02120_1	10	1940	2376	-0.184	0.184	9.386
172626	FHA_34_N02120_1	11	2073	2220	-0.066	0.066	3.173
172626	FHA_34_N02120_1	12	1795	2228	-0.194	0.194	9.654
172626	FHA_34_N02120_1	13	1835	2357	-0.221	0.221	11.402
172626	FHA_34_N02120_1	14	1484	2479	-0.401	0.401	22.352
172626	FHA_34_N02120_1	15	1672	2736	-0.389	0.389	22.664
172626	FHA_34_N02120_1	16	1510	2887	-0.477	0.477	29.368
172626	FHA_34_N02120_1	17	1421	2867	-0.504	0.504	31.229
172626	FHA_34_N02120_1	18	1366	2837	-0.519	0.519	32.088
172626	FHA_34_N02120_1	19	997	2691	-0.63	0.63	39.449
172626	FHA_34_N02120_1	20	832	2268	-0.633	0.633	36.474
172626	FHA_34_N02120_1	21	727	1704	-0.573	0.573	28.023
172626	FHA_34_N02120_1	22	612	1391	-0.56	0.56	24.616
172626	FHA_34_N02120_1	23	570	1111	-0.487	0.487	18.661
172626	FHA_34_N02120_1	24	540	950	-0.432	0.432	15.021
184746	FHA_34_0080DL-p2_3	1	41	294	-0.861	0.861	19.548
184746	FHA_34_0080DL-p2_3	2	39	190	-0.795	0.795	14.112
184746	FHA_34_0080DL-p2_3	3	43	164	-0.738	0.738	11.894
184746	FHA_34_0080DL-p2_3	4	59	217	-0.728	0.728	13.45
184746	FHA_34_0080DL-p2_3	5	56	387	-0.855	0.855	22.24
184746	FHA_34_0080DL-p2_3	6	251	1001	-0.749	0.749	29.976
184746	FHA_34_0080DL-p2_3	7	692	1616	-0.572	0.572	27.2
184746	FHA_34_0080DL-p2_3	8	2310	1815	0.273	0.214	10.9
184746	FHA_34_0080DL-p2_3	9	2595	1791	0.449	0.31	17.169
184746	FHA_34_0080DL-p2_3	10	1544	1557	-0.008	0.008	0.33
184746	FHA_34_0080DL-p2_3	11	1616	1433	0.128	0.113	4.687
184746	FHA_34_0080DL-p2_3	12	1451	1442	0.006	0.006	0.237
184746	FHA_34_0080DL-p2_3	13	1352	1445	-0.064	0.064	2.487
184746	FHA_34_0080DL-p2_3	14	1155	1495	-0.227	0.227	9.341
184746	FHA_34_0080DL-p2_3	15	959	1603	-0.402	0.402	17.993
184746	FHA_34_0080DL-p2_3	16	1031	1635	-0.369	0.369	16.543
184746	FHA_34_0080DL-p2_3	17	930	1674	-0.444	0.444	20.619
184746	FHA_34_0080DL-p2_3	18	954	1701	-0.439	0.439	20.502
184746	FHA_34_0080DL-p2_3	19	940	1600	-0.412	0.412	18.52
184746	FHA_34_0080DL-p2_3	20	747	1417	-0.473	0.473	20.369
184746	FHA_34_0080DL-p2_3	21	577	1110	-0.48	0.48	18.352
184746	FHA_34_0080DL-p2_3	22	574	881	-0.348	0.348	11.382
184746	FHA_34_0080DL-p2_3	23	370	708	-0.477	0.477	14.559
184746	FHA_34_0080DL-p2_3	24	305	509	-0.401	0.401	10.112
18991	FHA_34_N02131_1	1	214	566	-0.622	0.622	17.824
18991	FHA_34_N02131_1	2	26	358	-0.927	0.927	23.96
18991	FHA_34_N02131_1	3	108	382	-0.717	0.717	17.505
18991	FHA_34_N02131_1	4	150	537	-0.721	0.721	20.881
18991	FHA_34_N02131_1	5	205	931	-0.78	0.78	30.462
18991	FHA_34_N02131_1	6	909	1929	-0.529	0.529	27.078
18991	FHA_34_N02131_1	7	1800	3571	-0.496	0.496	34.175
18991	FHA_34_N02131_1	8	3044	3880	-0.215	0.215	14.208
18991	FHA_34_N02131_1	9	2843	3679	-0.227	0.227	14.64
18991	FHA_34_N02131_1	10	2299	3442	-0.332	0.332	21.334
18991	FHA_34_N02131_1	11	2186	3570	-0.388	0.388	25.798
18991	FHA_34_N02131_1	12	2044	3638	-0.438	0.438	29.906
18991	FHA_34_N02131_1	13	1962	3692	-0.469	0.469	32.537
18991	FHA_34_N02131_1	14	1822	3776	-0.517	0.517	36.934
18991	FHA_34_N02131_1	15	2239	3815	-0.413	0.413	28.645
18991	FHA_34_N02131_1	16	2112	3900	-0.458	0.458	32.612
18991	FHA_34_N02131_1	17	2077	3921	-0.47	0.47	33.672
18991	FHA_34_N02131_1	18	1972	3820	-0.484	0.484	34.34
18991	FHA_34_N02131_1	19	1675	3604	-0.535	0.535	37.547
18991	FHA_34_N02131_1	20	1393	3231	-0.569	0.569	38.225
18991	FHA_34_N02131_1	21	1287	2474	-0.48	0.48	27.372
18991	FHA_34_N02131_1	22	1092	1891	-0.423	0.423	20.689
18991	FHA_34_N02131_1	23	935	1413	-0.338	0.338	13.951
18991	FHA_34_N02131_1	24	856	1146	-0.253	0.253	9.166
225872	FHA_36_000580_7	1	174	1235	-0.859	0.859	39.974
225872	FHA_36_000580_7	2	208	859	-0.758	0.758	28.185
225872	FHA_36_000580_7	3	170	784	-0.783	0.783	28.113
225872	FHA_36_000580_7	4	290	1178	-0.754	0.754	32.777
225872	FHA_36_000580_7	5	1668	2944	-0.433	0.433	26.572
225872	FHA_36_000580_7	6	4203	5129	-0.181	0.181	13.556
225872	FHA_36_000580_7	7	5011	4845	0.034	0.033	2.365
225872	FHA_36_000580_7	8	5400	3526	0.531	0.347	28.052
225872	FHA_36_000580_7	9	4785	3483	0.374	0.272	20.25
225872	FHA_36_000580_7	10	4625	4394	0.053	0.05	3.44
225872	FHA_36_000580_7	11	4452	4717	-0.056	0.056	3.914
225872	FHA_36_000580_7	12	4293	4556	-0.058	0.058	3.954
225872	FHA_36_000580_7	13	4564	4562	0	0	0.03
225872	FHA_36_000580_7	14	4599	4699	-0.021	0.021	1.467
225872	FHA_36_000580_7	15	4417	4948	-0.107	0.107	7.76
225872	FHA_36_000580_7	16	4621	4886	-0.054	0.054	3.844
225872	FHA_36_000580_7	17	4470	4660	-0.041	0.041	2.812
225872	FHA_36_000580_7	18	4121	4569	-0.098	0.098	6.796
225872	FHA_36_000580_7	19	4027	4762	-0.154	0.154	11.087
225872	FHA_36_000580_7	20	3434	4687	-0.267	0.267	19.664
225872	FHA_36_000580_7	21	2965	4431	-0.331	0.331	24.107
225872	FHA_36_000580_7	22	2680	4054	-0.339	0.339	23.679
225872	FHA_36_000580_7	23	2283	3495	-0.347	0.347	22.549
225872	FHA_36_000580_7	24	1961	2455	-0.201	0.201	10.513
226105	FHA_34_E02132_3	1	89	220	-0.595	0.595	10.539
226105	FHA_34_E02132_3	2	16	145	-0.89	0.89	14.378
226105	FHA_34_E02132_3	3	6	187	-0.968	0.968	18.425
226105	FHA_34_E02132_3	4	41	371	-0.889	0.889	22.992
226105	FHA_34_E02132_3	5	336	1194	-0.719	0.719	31.021
226105	FHA_34_E02132_3	6	1172	3094	-0.621	0.621	41.616
226105	FHA_34_E02132_3	7	1468	4903	-0.701	0.701	60.861
226105	FHA_34_E02132_3	8	2242	5190	-0.568	0.568	48.36
226105	FHA_34_E02132_3	9	2111	4852	-0.565	0.565	46.454
226105	FHA_34_E02132_3	10	1776	4100	-0.567	0.567	42.876
226105	FHA_34_E02132_3	11	1860	3883	-0.521	0.521	37.752
226105	FHA_34_E02132_3	12	1812	3984	-0.545	0.545	40.347
226105	FHA_34_E02132_3	13	1703	3926	-0.566	0.566	41.902
226105	FHA_34_E02132_3	14	1733	4049	-0.572	0.572	43.074
226105	FHA_34_E02132_3	15	1799	4352	-0.587	0.587	46.036
226105	FHA_34_E02132_3	16	1862	4448	-0.581	0.581	46.039
226105	FHA_34_E02132_3	17	1698	4542	-0.626	0.626	50.916
226105	FHA_34_E02132_3	18	1437	4388	-0.673	0.673	54.681
226105	FHA_34_E02132_3	19	1352	3682	-0.633	0.633	46.442
226105	FHA_34_E02132_3	20	1074	2546	-0.578	0.578	34.599
226105	FHA_34_E02132_3	21	981	1946	-0.496	0.496	25.225
226105	FHA_34_E02132_3	22	749	1403	-0.466	0.466	19.938
226105	FHA_34_E02132_3	23	625	868	-0.28	0.28	8.894
226105	FHA_34_E02132_3	24	444	473	-0.061	0.061	1.354
253124	FHA_34_0080DL_7	1	316	724	-0.564	0.564	17.892
253124	FHA_34_0080DL_7	2	65	407	-0.84	0.84	22.262
253124	FHA_34_0080DL_7	3	138	302	-0.543	0.543	11.057
253124	FHA_34_0080DL_7	4	140	359	-0.61	0.61	13.865
253124	FHA_34_0080DL_7	5	379	553	-0.315	0.315	8.06
253124	FHA_34_0080DL_7	6	1321	1021	0.294	0.227	8.767
253124	FHA_34_0080DL_7	7	2374	2032	0.168	0.144	7.286
253124	FHA_34_0080DL_7	8	3049	2885	0.057	0.054	3.011
253124	FHA_34_0080DL_7	9	2812	2936	-0.042	0.042	2.313
253124	FHA_34_0080DL_7	10	2547	2507	0.016	0.016	0.796
253124	FHA_34_0080DL_7	11	2558	2470	0.036	0.034	1.755
253124	FHA_34_0080DL_7	12	2323	2492	-0.068	0.068	3.444
253124	FHA_34_0080DL_7	13	2449	2613	-0.063	0.063	3.26
253124	FHA_34_0080DL_7	14	2319	2788	-0.168	0.168	9.281
253124	FHA_34_0080DL_7	15	2629	3084	-0.148	0.148	8.513
253124	FHA_34_0080DL_7	16	2700	3617	-0.254	0.254	16.317
253124	FHA_34_0080DL_7	17	2400	3517	-0.318	0.318	20.536
253124	FHA_34_0080DL_7	18	2254	3294	-0.316	0.316	19.746
253124	FHA_34_0080DL_7	19	2171	3238	-0.33	0.33	20.517
253124	FHA_34_0080DL_7	20	1776	2581	-0.312	0.312	17.247
253124	FHA_34_0080DL_7	21	1616	2024	-0.202	0.202	9.564
253124	FHA_34_0080DL_7	22	1558	1594	-0.023	0.023	0.907
253124	FHA_34_0080DL_7	23	1394	1320	0.056	0.053	2.009
253124	FHA_34_0080DL_7	24	1266	1091	0.16	0.138	5.098
258274	FHA_36_000299_3	1	305	863	-0.647	0.647	23.09
258274	FHA_36_000299_3	2	283	695	-0.593	0.593	18.631
258274	FHA_36_000299_3	3	400	611	-0.345	0.345	9.385
258274	FHA_36_000299_3	4	767	828	-0.074	0.074	2.16
258274	FHA_36_000299_3	5	945	1797	-0.474	0.474	23.01
258274	FHA_36_000299_3	6	2953	3204	-0.078	0.078	4.524
258274	FHA_36_000299_3	7	3606	3620	-0.004	0.004	0.233
258274	FHA_36_000299_3	8	3986	3333	0.196	0.164	10.794
258274	FHA_36_000299_3	9	4008	2804	0.429	0.3	20.63
258274	FHA_36_000299_3	10	3976	2669	0.49	0.329	22.675
258274	FHA_36_000299_3	11	3801	2733	0.391	0.281	18.685
258274	FHA_36_000299_3	12	3612	2681	0.347	0.258	16.597
258274	FHA_36_000299_3	13	3538	2572	0.376	0.273	17.477
258274	FHA_36_000299_3	14	3564	2612	0.364	0.267	17.132
258274	FHA_36_000299_3	15	3472	2771	0.253	0.202	12.547
258274	FHA_36_000299_3	16	3525	2990	0.179	0.152	9.374
258274	FHA_36_000299_3	17	3557	2906	0.224	0.183	11.452
258274	FHA_36_000299_3	18	3523	2856	0.234	0.189	11.81
258274	FHA_36_000299_3	19	3522	2804	0.256	0.204	12.767
258274	FHA_36_000299_3	20	3488	2435	0.432	0.302	19.35
258274	FHA_36_000299_3	21	3412	2106	0.62	0.383	24.864
258274	FHA_36_000299_3	22	3314	1824	0.817	0.45	29.397
258274	FHA_36_000299_3	23	3198	1682	0.901	0.474	30.691
258274	FHA_36_000299_3	24	3235	1333	1.427	0.588	39.798
262261	FHA_34_E03123_3	1	56	355	-0.842	0.842	20.858
262261	FHA_34_E03123_3	2	53	221	-0.76	0.76	14.353
262261	FHA_34_E03123_3	3	32	226	-0.858	0.858	17.081
262261	FHA_34_E03123_3	4	50	433	-0.885	0.885	24.646
262261	FHA_34_E03123_3	5	127	1061	-0.88	0.88	38.322
262261	FHA_34_E03123_3	6	384	2209	-0.826	0.826	50.685
262261	FHA_34_E03123_3	7	913	2844	-0.679	0.679	44.553
262261	FHA_34_E03123_3	8	1774	2955	-0.4	0.4	24.287
262261	FHA_34_E03123_3	9	1583	2672	-0.408	0.408	23.61
262261	FHA_34_E03123_3	10	1298	2306	-0.437	0.437	23.746
262261	FHA_34_E03123_3	11	1110	2197	-0.495	0.495	26.732
262261	FHA_34_E03123_3	12	895	2374	-0.623	0.623	36.583
262261	FHA_34_E03123_3	13	953	2472	-0.614	0.614	36.706
262261	FHA_34_E03123_3	14	1113	2695	-0.587	0.587	36.255
262261	FHA_34_E03123_3	15	1329	2952	-0.55	0.55	35.08
262261	FHA_34_E03123_3	16	1610	2873	-0.44	0.44	26.677
262261	FHA_34_E03123_3	17	1590	2591	-0.386	0.386	21.893
262261	FHA_34_E03123_3	18	1752	2484	-0.295	0.295	15.906
262261	FHA_34_E03123_3	19	1379	2592	-0.468	0.468	27.222
262261	FHA_34_E03123_3	20	1047	2240	-0.533	0.533	29.428
262261	FHA_34_E03123_3	21	812	1756	-0.538	0.538	26.344
262261	FHA_34_E03123_3	22	557	1337	-0.583	0.583	25.347
262261	FHA_34_E03123_3	23	380	1020	-0.627	0.627	24.19
262261	FHA_34_E03123_3	24	303	686	-0.558	0.558	17.223
26932	FHA_36_000581_1	1	262	320	-0.181	0.181	3.4
26932	FHA_36_000581_1	2	67	248	-0.73	0.73	14.422
26932	FHA_36_000581_1	3	236	285	-0.172	0.172	3.036
26932	FHA_36_000581_1	4	141	377	-0.626	0.626	14.664
26932	FHA_36_000581_1	5	523	645	-0.189	0.189	5.048
26932	FHA_36_000581_1	6	1263	1366	-0.075	0.075	2.841
26932	FHA_36_000581_1	7	2292	2363	-0.03	0.03	1.472
26932	FHA_36_000581_1	8	3549	2556	0.388	0.28	17.973
26932	FHA_36_000581_1	9	3533	2622	0.347	0.258	16.422
26932	FHA_36_000581_1	10	3479	2350	0.48	0.325	20.913
26932	FHA_36_000581_1	11	3458	2080	0.662	0.398	26.187
26932	FHA_36_000581_1	12	3538	1840	0.923	0.48	32.745
26932	FHA_36_000581_1	13	3275	1790	0.83	0.453	29.509
26932	FHA_36_000581_1	14	3141	1786	0.759	0.431	27.3
26932	FHA_36_000581_1	15	3271	1875	0.745	0.427	27.521
26932	FHA_36_000581_1	16	3372	1884	0.79	0.441	29.026
26932	FHA_36_000581_1	17	3256	1842	0.768	0.434	28.007
26932	FHA_36_000581_1	18	3151	1738	0.813	0.448	28.579
26932	FHA_36_000581_1	19	3060	1540	0.987	0.497	31.694
26932	FHA_36_000581_1	20	2839	1416	1.005	0.501	30.851
26932	FHA_36_000581_1	21	2737	1256	1.179	0.541	33.145
26932	FHA_36_000581_1	22	2211	907	1.438	0.59	33.026
26932	FHA_36_000581_1	23	2005	736	1.724	0.633	34.279
26932	FHA_36_000581_1	24	1753	508	2.451	0.71	37.028
300434	FHA_36_000580_3	1	363	2811	-0.871	0.871	61.45
300434	FHA_36_000580_3	2	108	1749	-0.938	0.938	53.854
300434	FHA_36_000580_3	3	253	1195	-0.788	0.788	35.009
300434	FHA_36_000580_3	4	193	1003	-0.808	0.808	33.123
300434	FHA_36_000580_3	5	452	1370	-0.67	0.67	30.415
300434	FHA_36_000580_3	6	1185	2362	-0.498	0.498	27.949
300434	FHA_36_000580_3	7	2142	4111	-0.479	0.479	35.214
300434	FHA_36_000580_3	8	3831	4634	-0.173	0.173	12.343
300434	FHA_36_000580_3	9	3742	3838	-0.025	0.025	1.559
300434	FHA_36_000580_3	10	3285	3736	-0.121	0.121	7.612
300434	FHA_36_000580_3	11	2979	4153	-0.283	0.283	19.66
300434	FHA_36_000580_3	12	3066	4282	-0.284	0.284	20.062
300434	FHA_36_000580_3	13	3202	4474	-0.284	0.284	20.532
300434	FHA_36_000580_3	14	3279	4713	-0.304	0.304	22.685
300434	FHA_36_000580_3	15	3666	4033	-0.091	0.091	5.915
300434	FHA_36_000580_3	16	4049	3242	0.249	0.199	13.366
300434	FHA_36_000580_3	17	3918	3751	0.045	0.043	2.697
300434	FHA_36_000580_3	18	3781	4563	-0.171	0.171	12.107
300434	FHA_36_000580_3	19	3513	4883	-0.281	0.281	21.145
300434	FHA_36_000580_3	20	3320	4786	-0.306	0.306	23.027
300434	FHA_36_000580_3	21	3044	4865	-0.374	0.374	28.958
300434	FHA_36_000580_3	22	2996	4616	-0.351	0.351	26.259
300434	FHA_36_000580_3	23	2724	4424	-0.384	0.384	28.436
300434	FHA_36_000580_3	24	2528	3836	-0.341	0.341	23.188
315260	FHA_34_000017_5	1	25	356	-0.93	0.93	23.982
315260	FHA_34_000017_5	2	45	257	-0.825	0.825	17.252
315260	FHA_34_000017_5	3	63	264	-0.761	0.761	15.719
315260	FHA_34_000017_5	4	48	376	-0.872	0.872	22.527
315260	FHA_34_000017_5	5	151	712	-0.788	0.788	27.007
315260	FHA_34_000017_5	6	285	1391	-0.795	0.795	38.206
315260	FHA_34_000017_5	7	636	2134	-0.702	0.702	40.252
315260	FHA_34_000017_5	8	1065	3479	-0.694	0.694	50.645
315260	FHA_34_000017_5	9	944	3619	-0.739	0.739	56.003
315260	FHA_34_000017_5	10	814	2555	-0.681	0.681	42.419
315260	FHA_34_000017_5	11	820	2261	-0.637	0.637	36.714
315260	FHA_34_000017_5	12	715	2318	-0.692	0.692	41.164
315260	FHA_34_000017_5	13	589	2299	-0.744	0.744	45
315260	FHA_34_000017_5	14	538	2433	-0.779	0.779	49.167
315260	FHA_34_000017_5	15	582	2339	-0.751	0.751	45.975
315260	FHA_34_000017_5	16	667	2366	-0.718	0.718	43.629
315260	FHA_34_000017_5	17	545	2353	-0.768	0.768	47.497
315260	FHA_34_000017_5	18	462	2386	-0.806	0.806	50.986
315260	FHA_34_000017_5	19	410	2234	-0.816	0.816	50.166
315260	FHA_34_000017_5	20	308	1818	-0.831	0.831	46.314
315260	FHA_34_000017_5	21	237	1420	-0.833	0.833	41.1
315260	FHA_34_000017_5	22	209	1124	-0.814	0.814	35.442
315260	FHA_34_000017_5	23	129	808	-0.84	0.84	31.37
315260	FHA_34_000017_5	24	134	593	-0.774	0.774	24.075
332954	FHA_36_000598_5	1	175	184	-0.049	0.049	0.672
332954	FHA_36_000598_5	2	129	126	0.024	0.023	0.266
332954	FHA_36_000598_5	3	195	93	1.097	0.523	8.5
332954	FHA_36_000598_5	4	165	96	0.719	0.418	6.04
332954	FHA_36_000598_5	5	283	127	1.228	0.551	10.896
332954	FHA_36_000598_5	6	940	265	2.547	0.718	27.5
332954	FHA_36_000598_5	7	1675	497	2.37	0.703	35.746
332954	FHA_36_000598_5	8	1989	757	1.627	0.619	33.249
332954	FHA_36_000598_5	9	1881	699	1.691	0.628	32.91
332954	FHA_36_000598_5	10	1755	514	2.414	0.707	36.844
332954	FHA_36_000598_5	11	1847	513	2.6	0.722	38.834
332954	FHA_36_000598_5	12	1863	523	2.562	0.719	38.796
332954	FHA_36_000598_5	13	1777	575	2.09	0.676	35.051
332954	FHA_36_000598_5	14	2051	675	2.039	0.671	37.271
332954	FHA_36_000598_5	15	2199	867	1.536	0.606	34.02
332954	FHA_36_000598_5	16	2104	973	1.162	0.538	28.835
332954	FHA_36_000598_5	17	2040	1005	1.03	0.507	26.525
332954	FHA_36_000598_5	18	1955	953	1.051	0.513	26.278
332954	FHA_36_000598_5	19	1840	796	1.312	0.567	28.757
332954	FHA_36_000598_5	20	1663	652	1.551	0.608	29.716
332954	FHA_36_000598_5	21	1570	503	2.121	0.68	33.142
332954	FHA_36_000598_5	22	1410	388	2.634	0.725	34.086
332954	FHA_36_000598_5	23	1289	378	2.41	0.707	31.555
332954	FHA_36_000598_5	24	1320	304	3.342	0.77	35.655
33938	FHA_34_00003R_3	1	82	564	-0.855	0.855	26.819
33938	FHA_34_00003R_3	2	66	363	-0.818	0.818	20.279
33938	FHA_34_00003R_3	3	87	328	-0.735	0.735	16.73
33938	FHA_34_00003R_3	4	165	487	-0.661	0.661	17.834
33938	FHA_34_00003R_3	5	722	953	-0.242	0.242	7.982
33938	FHA_34_00003R_3	6	2728	2596	0.051	0.048	2.558
33938	FHA_34_00003R_3	7	5029	4577	0.099	0.09	6.522
33938	FHA_34_00003R_3	8	6798	4070	0.67	0.401	37.007
33938	FHA_34_00003R_3	9	5971	4366	0.368	0.269	22.325
33938	FHA_34_00003R_3	10	4807	3939	0.22	0.181	13.126
33938	FHA_34_00003R_3	11	4818	3190	0.51	0.338	25.728
33938	FHA_34_00003R_3	12	4248	3052	0.392	0.282	19.796
33938	FHA_34_00003R_3	13	3858	3108	0.241	0.194	12.708
33938	FHA_34_00003R_3	14	3728	3114	0.197	0.165	10.498
33938	FHA_34_00003R_3	15	3611	3295	0.096	0.088	5.378
33938	FHA_34_00003R_3	16	3917	3526	0.111	0.1	6.409
33938	FHA_34_00003R_3	17	3629	3523	0.03	0.029	1.773
33938	FHA_34_00003R_3	18	3139	3607	-0.13	0.13	8.058
33938	FHA_34_00003R_3	19	2874	3473	-0.172	0.172	10.633
33938	FHA_34_00003R_3	20	2405	3023	-0.204	0.204	11.863
33938	FHA_34_00003R_3	21	1868	2293	-0.185	0.185	9.318
33938	FHA_34_00003R_3	22	1539	1912	-0.195	0.195	8.979
33938	FHA_34_00003R_3	23	1247	1546	-0.193	0.193	8.001
33938	FHA_34_00003R_3	24	1048	1023	0.024	0.024	0.777
359139	FHA_36_000191_5	1	949	1912	-0.504	0.504	25.461
359139	FHA_36_000191_5	2	258	1286	-0.799	0.799	36.999
359139	FHA_36_000191_5	3	306	1133	-0.73	0.73	30.831
359139	FHA_36_000191_5	4	562	1318	-0.574	0.574	24.658
359139	FHA_36_000191_5	5	1585	2031	-0.22	0.22	10.489
359139	FHA_36_000191_5	6	3914	3684	0.062	0.059	3.732
359139	FHA_36_000191_5	7	5866	4563	0.286	0.222	18.044
359139	FHA_36_000191_5	8	5526	4914	0.125	0.111	8.471
359139	FHA_36_000191_5	9	5219	4531	0.152	0.132	9.854
359139	FHA_36_000191_5	10	5107	3906	0.307	0.235	17.891
359139	FHA_36_000191_5	11	4886	3486	0.402	0.287	21.639
359139	FHA_36_000191_5	12	4542	3317	0.369	0.27	19.542
359139	FHA_36_000191_5	13	4102	3176	0.292	0.226	15.35
359139	FHA_36_000191_5	14	4451	3156	0.41	0.291	20.998
359139	FHA_36_000191_5	15	4585	3564	0.286	0.223	15.995
359139	FHA_36_000191_5	16	4539	3664	0.239	0.193	13.663
359139	FHA_36_000191_5	17	4671	3555	0.314	0.239	17.401
359139	FHA_36_000191_5	18	4759	3587	0.327	0.246	18.143
359139	FHA_36_000191_5	19	4771	3912	0.22	0.18	13.037
359139	FHA_36_000191_5	20	4821	4161	0.159	0.137	9.849
359139	FHA_36_000191_5	21	4757	4079	0.166	0.143	10.2
359139	FHA_36_000191_5	22	4343	3734	0.163	0.14	9.583
359139	FHA_36_000191_5	23	3963	3109	0.275	0.215	14.362
359139	FHA_36_000191_5	24	3597	2501	0.438	0.305	19.849
370725	FHA_34_N03121_1	1	23	26	-0.115	0.115	0.606
370725	FHA_34_N03121_1	2	0	14	-1	1	5.292
370725	FHA_34_N03121_1	3	2	16	-0.875	0.875	4.667
370725	FHA_34_N03121_1	4	12	28	-0.571	0.571	3.578
370725	FHA_34_N03121_1	5	43	74	-0.419	0.419	4.053
370725	FHA_34_N03121_1	6	162	186	-0.129	0.129	1.819
370725	FHA_34_N03121_1	7	272	513	-0.47	0.47	12.165
370725	FHA_34_N03121_1	8	526	700	-0.249	0.249	7.028
370725	FHA_34_N03121_1	9	437	599	-0.27	0.27	7.118
370725	FHA_34_N03121_1	10	303	540	-0.439	0.439	11.544
370725	FHA_34_N03121_1	11	279	612	-0.544	0.544	15.777
370725	FHA_34_N03121_1	12	217	638	-0.66	0.66	20.362
370725	FHA_34_N03121_1	13	304	648	-0.531	0.531	15.767
370725	FHA_34_N03121_1	14	251	635	-0.605	0.605	18.244
370725	FHA_34_N03121_1	15	360	756	-0.524	0.524	16.764
370725	FHA_34_N03121_1	16	351	731	-0.52	0.52	16.337
370725	FHA_34_N03121_1	17	354	715	-0.505	0.505	15.615
370725	FHA_34_N03121_1	18	330	663	-0.502	0.502	14.945
370725	FHA_34_N03121_1	19	250	548	-0.544	0.544	14.919
370725	FHA_34_N03121_1	20	176	386	-0.544	0.544	12.528
370725	FHA_34_N03121_1	21	187	266	-0.297	0.297	5.249
370725	FHA_34_N03121_1	22	236	194	0.216	0.178	2.864
370725	FHA_34_N03121_1	23	101	140	-0.279	0.279	3.553
370725	FHA_34_N03121_1	24	88	61	0.443	0.307	3.128
370726	FHA_34_S03121_5	1	14	21	-0.333	0.333	1.673
370726	FHA_34_S03121_5	2	6	13	-0.538	0.538	2.271
370726	FHA_34_S03121_5	3	4	9	-0.556	0.556	1.961
370726	FHA_34_S03121_5	4	0	26	-1	1	7.211
370726	FHA_34_S03121_5	5	29	54	-0.463	0.463	3.881
370726	FHA_34_S03121_5	6	139	154	-0.097	0.097	1.239
370726	FHA_34_S03121_5	7	329	384	-0.143	0.143	2.913
370726	FHA_34_S03121_5	8	608	607	0.002	0.002	0.041
370726	FHA_34_S03121_5	9	473	516	-0.083	0.083	1.934
370726	FHA_34_S03121_5	10	439	430	0.021	0.021	0.432
370726	FHA_34_S03121_5	11	387	476	-0.187	0.187	4.284
370726	FHA_34_S03121_5	12	304	540	-0.437	0.437	11.488
370726	FHA_34_S03121_5	13	350	568	-0.384	0.384	10.175
370726	FHA_34_S03121_5	14	268	610	-0.561	0.561	16.323
370726	FHA_34_S03121_5	15	313	622	-0.497	0.497	14.291
370726	FHA_34_S03121_5	16	435	742	-0.414	0.414	12.655
370726	FHA_34_S03121_5	17	397	794	-0.5	0.5	16.269
370726	FHA_34_S03121_5	18	465	698	-0.334	0.334	9.662
370726	FHA_34_S03121_5	19	315	544	-0.421	0.421	11.05
370726	FHA_34_S03121_5	20	218	430	-0.493	0.493	11.778
370726	FHA_34_S03121_5	21	192	279	-0.312	0.312	5.669
370726	FHA_34_S03121_5	22	166	182	-0.088	0.088	1.213
370726	FHA_34_S03121_5	23	137	138	-0.007	0.007	0.085
370726	FHA_34_S03121_5	24	60	68	-0.118	0.118	1
468299	FHA_34_0001CL-p3_5+FHA_34_0001CX-p3_5	1	0	214	-1	1	20.688
468299	FHA_34_0001CL-p3_5+FHA_34_0001CX-p3_5	2	0	142	-1	1	16.852
468299	FHA_34_0001CL-p3_5+FHA_34_0001CX-p3_5	3	0	126	-1	1	15.875
468299	FHA_34_0001CL-p3_5+FHA_34_0001CX-p3_5	4	0	154	-1	1	17.55
468299	FHA_34_0001CL-p3_5+FHA_34_0001CX-p3_5	5	0	293	-1	1	24.207
468299	FHA_34_0001CL-p3_5+FHA_34_0001CX-p3_5	6	0	478	-1	1	30.919
468299	FHA_34_0001CL-p3_5+FHA_34_0001CX-p3_5	7	0	635	-1	1	35.637
468299	FHA_34_0001CL-p3_5+FHA_34_0001CX-p3_5	8	27	690	-0.961	0.961	35.016
468299	FHA_34_0001CL-p3_5+FHA_34_0001CX-p3_5	9	24	630	-0.962	0.962	33.512
468299	FHA_34_0001CL-p3_5+FHA_34_0001CX-p3_5	10	20	560	-0.964	0.964	31.71
468299	FHA_34_0001CL-p3_5+FHA_34_0001CX-p3_5	11	21	538	-0.961	0.961	30.924
468299	FHA_34_0001CL-p3_5+FHA_34_0001CX-p3_5	12	21	576	-0.964	0.964	32.123
468299	FHA_34_0001CL-p3_5+FHA_34_0001CX-p3_5	13	20	630	-0.968	0.968	33.837
468299	FHA_34_0001CL-p3_5+FHA_34_0001CX-p3_5	14	17	673	-0.975	0.975	35.318
468299	FHA_34_0001CL-p3_5+FHA_34_0001CX-p3_5	15	19	748	-0.975	0.975	37.226
468299	FHA_34_0001CL-p3_5+FHA_34_0001CX-p3_5	16	25	838	-0.97	0.97	39.138
468299	FHA_34_0001CL-p3_5+FHA_34_0001CX-p3_5	17	26	838	-0.969	0.969	39.067
468299	FHA_34_0001CL-p3_5+FHA_34_0001CX-p3_5	18	30	820	-0.963	0.963	38.321
468299	FHA_34_0001CL-p3_5+FHA_34_0001CX-p3_5	19	13	757	-0.983	0.983	37.918
468299	FHA_34_0001CL-p3_5+FHA_34_0001CX-p3_5	20	10	602	-0.983	0.983	33.842
468299	FHA_34_0001CL-p3_5+FHA_34_0001CX-p3_5	21	11	504	-0.978	0.978	30.723
468299	FHA_34_0001CL-p3_5+FHA_34_0001CX-p3_5	22	4	457	-0.991	0.991	29.838
468299	FHA_34_0001CL-p3_5+FHA_34_0001CX-p3_5	23	4	414	-0.99	0.99	28.36
468299	FHA_34_0001CL-p3_5+FHA_34_0001CX-p3_5	24	2	298	-0.993	0.993	24.168
476650	FHA_36_000581_5	1	95	508	-0.813	0.813	23.785
476650	FHA_36_000581_5	2	189	343	-0.449	0.449	9.442
476650	FHA_36_000581_5	3	153	335	-0.543	0.543	11.651
476650	FHA_36_000581_5	4	201	324	-0.38	0.38	7.592
476650	FHA_36_000581_5	5	378	495	-0.236	0.236	5.6
476650	FHA_36_000581_5	6	1461	871	0.677	0.404	17.278
476650	FHA_36_000581_5	7	2586	1454	0.779	0.438	25.187
476650	FHA_36_000581_5	8	3743	2421	0.546	0.353	23.813
476650	FHA_36_000581_5	9	3518	2618	0.344	0.256	16.249
476650	FHA_36_000581_5	10	3478	2110	0.648	0.393	25.881
476650	FHA_36_000581_5	11	3389	1774	0.91	0.477	31.786
476650	FHA_36_000581_5	12	3357	1786	0.88	0.468	30.98
476650	FHA_36_000581_5	13	3358	2029	0.655	0.396	25.607
476650	FHA_36_000581_5	14	3378	2700	0.251	0.201	12.299
476650	FHA_36_000581_5	15	3374	3926	-0.141	0.141	9.137
476650	FHA_36_000581_5	16	3352	3968	-0.155	0.155	10.182
476650	FHA_36_000581_5	17	3312	3750	-0.117	0.117	7.371
476650	FHA_36_000581_5	18	3253	3932	-0.173	0.173	11.328
476650	FHA_36_000581_5	19	3196	3561	-0.102	0.102	6.28
476650	FHA_36_000581_5	20	3058	2831	0.08	0.074	4.183
476650	FHA_36_000581_5	21	3042	1721	0.768	0.434	27.069
476650	FHA_36_000581_5	22	2748	1186	1.317	0.568	35.219
476650	FHA_36_000581_5	23	2661	930	1.861	0.651	40.851
476650	FHA_36_000581_5	24	2623	744	2.526	0.716	45.795
480549	FHA_34_S02131_5	1	57	378	-0.849	0.849	21.766
480549	FHA_34_S02131_5	2	55	264	-0.792	0.792	16.549
480549	FHA_34_S02131_5	3	103	284	-0.637	0.637	13.012
480549	FHA_34_S02131_5	4	89	421	-0.789	0.789	20.791
480549	FHA_34_S02131_5	5	564	1033	-0.454	0.454	16.597
480549	FHA_34_S02131_5	6	2096	2392	-0.124	0.124	6.249
480549	FHA_34_S02131_5	7	2950	3363	-0.123	0.123	7.351
480549	FHA_34_S02131_5	8	3853	3060	0.259	0.206	13.488
480549	FHA_34_S02131_5	9	3614	3013	0.199	0.166	10.441
480549	FHA_34_S02131_5	10	3122	2991	0.044	0.042	2.37
480549	FHA_34_S02131_5	11	3101	3105	-0.001	0.001	0.072
480549	FHA_34_S02131_5	12	3200	3027	0.057	0.054	3.1
480549	FHA_34_S02131_5	13	2862	2945	-0.028	0.028	1.54
480549	FHA_34_S02131_5	14	2824	2904	-0.028	0.028	1.495
480549	FHA_34_S02131_5	15	2892	2608	0.109	0.098	5.416
480549	FHA_34_S02131_5	16	2943	2400	0.226	0.185	10.506
480549	FHA_34_S02131_5	17	2781	2317	0.2	0.167	9.19
480549	FHA_34_S02131_5	18	2556	2312	0.106	0.095	4.946
480549	FHA_34_S02131_5	19	2086	2742	-0.239	0.239	13.352
480549	FHA_34_S02131_5	20	1757	2837	-0.381	0.381	22.534
480549	FHA_34_S02131_5	21	1304	2419	-0.461	0.461	25.843
480549	FHA_34_S02131_5	22	1169	1857	-0.37	0.37	17.688
480549	FHA_34_S02131_5	23	853	1198	-0.288	0.288	10.773
480549	FHA_34_S02131_5	24	736	763	-0.035	0.035	0.986
488795	FHA_34_0080DL_3	1	112	589	-0.81	0.81	25.479
488795	FHA_34_0080DL_3	2	94	379	-0.752	0.752	18.532
488795	FHA_34_0080DL_3	3	87	327	-0.734	0.734	16.681
488795	FHA_34_0080DL_3	4	201	434	-0.537	0.537	13.076
488795	FHA_34_0080DL_3	5	553	773	-0.285	0.285	8.544
488795	FHA_34_0080DL_3	6	1953	2002	-0.024	0.024	1.102
488795	FHA_34_0080DL_3	7	3364	3232	0.041	0.039	2.299
488795	FHA_34_0080DL_3	8	6242	3630	0.72	0.418	37.178
488795	FHA_34_0080DL_3	9	5971	3583	0.666	0.4	34.551
488795	FHA_34_0080DL_3	10	4886	3113	0.57	0.363	28.035
488795	FHA_34_0080DL_3	11	4894	2866	0.708	0.414	32.558
488795	FHA_34_0080DL_3	12	4455	2883	0.545	0.353	25.952
488795	FHA_34_0080DL_3	13	3920	2890	0.356	0.263	17.651
488795	FHA_34_0080DL_3	14	3598	2990	0.203	0.169	10.594
488795	FHA_34_0080DL_3	15	3945	3206	0.231	0.187	12.359
488795	FHA_34_0080DL_3	16	4013	3270	0.227	0.185	12.313
488795	FHA_34_0080DL_3	17	3705	3349	0.106	0.096	5.994
488795	FHA_34_0080DL_3	18	3516	3402	0.034	0.032	1.938
488795	FHA_34_0080DL_3	19	3063	3201	-0.043	0.043	2.466
488795	FHA_34_0080DL_3	20	2696	2834	-0.049	0.049	2.624
488795	FHA_34_0080DL_3	21	2111	2220	-0.049	0.049	2.342
488795	FHA_34_0080DL_3	22	1899	1762	0.078	0.072	3.202
488795	FHA_34_0080DL_3	23	1489	1416	0.052	0.049	1.915
488795	FHA_34_0080DL_3	24	1317	1017	0.295	0.228	8.782
493574	FHA_36_000191_1	1	197	2212	-0.911	0.911	58.059
493574	FHA_36_000191_1	2	238	1453	-0.836	0.836	41.785
493574	FHA_36_000191_1	3	185	1219	-0.848	0.848	39.026
493574	FHA_36_000191_1	4	338	1218	-0.722	0.722	31.55
493574	FHA_36_000191_1	5	769	1780	-0.568	0.568	28.319
493574	FHA_36_000191_1	6	1847	2756	-0.33	0.33	18.948
493574	FHA_36_000191_1	7	3164	3381	-0.064	0.064	3.793
493574	FHA_36_000191_1	8	3741	3353	0.116	0.104	6.515
493574	FHA_36_000191_1	9	3521	3170	0.111	0.1	6.068
493574	FHA_36_000191_1	10	3245	3268	-0.007	0.007	0.403
493574	FHA_36_000191_1	11	3616	3257	0.11	0.099	6.124
493574	FHA_36_000191_1	12	3670	3325	0.104	0.094	5.834
493574	FHA_36_000191_1	13	3262	3402	-0.041	0.041	2.425
493574	FHA_36_000191_1	14	3333	3336	-0.001	0.001	0.052
493574	FHA_36_000191_1	15	3433	3238	0.06	0.057	3.376
493574	FHA_36_000191_1	16	3660	3129	0.17	0.145	9.114
493574	FHA_36_000191_1	17	3607	2886	0.25	0.2	12.654
493574	FHA_36_000191_1	18	3615	2932	0.233	0.189	11.938
493574	FHA_36_000191_1	19	3487	3191	0.093	0.085	5.123
493574	FHA_36_000191_1	20	3162	3528	-0.104	0.104	6.328
493574	FHA_36_000191_1	21	3054	3518	-0.132	0.132	8.094
493574	FHA_36_000191_1	22	3100	3257	-0.048	0.048	2.785
493574	FHA_36_000191_1	23	2909	2930	-0.007	0.007	0.389
493574	FHA_36_000191_1	24	2858	2761	0.035	0.034	1.83
494174	FHA_34_S00440_5	1	86	261	-0.67	0.67	13.286
494174	FHA_34_S00440_5	2	35	167	-0.79	0.79	13.134
494174	FHA_34_S00440_5	3	47	138	-0.659	0.659	9.462
494174	FHA_34_S00440_5	4	48	168	-0.714	0.714	11.547
494174	FHA_34_S00440_5	5	449	291	0.543	0.352	8.214
494174	FHA_34_S00440_5	6	1337	604	1.214	0.548	23.529
494174	FHA_34_S00440_5	7	3010	1072	1.808	0.644	42.898
494174	FHA_34_S00440_5	8	3654	1135	2.219	0.689	51.478
494174	FHA_34_S00440_5	9	3498	1306	1.678	0.627	44.725
494174	FHA_34_S00440_5	10	3506	1189	1.949	0.661	47.822
494174	FHA_34_S00440_5	11	3809	1181	2.225	0.69	52.613
494174	FHA_34_S00440_5	12	3775	1289	1.929	0.659	49.405
494174	FHA_34_S00440_5	13	3651	1323	1.76	0.638	46.682
494174	FHA_34_S00440_5	14	3575	1361	1.627	0.619	44.566
494174	FHA_34_S00440_5	15	3396	1590	1.136	0.532	36.171
494174	FHA_34_S00440_5	16	3506	1810	0.937	0.484	32.896
494174	FHA_34_S00440_5	17	3418	1900	0.799	0.444	29.438
494174	FHA_34_S00440_5	18	3469	1831	0.895	0.472	31.819
494174	FHA_34_S00440_5	19	3396	1675	1.027	0.507	34.178
494174	FHA_34_S00440_5	20	3118	1346	1.316	0.568	37.507
494174	FHA_34_S00440_5	21	2992	991	2.019	0.669	44.839
494174	FHA_34_S00440_5	22	2772	810	2.422	0.708	46.361
494174	FHA_34_S00440_5	23	2463	600	3.105	0.756	47.605
494174	FHA_34_S00440_5	24	2315	453	4.11	0.804	50.051
497064	FHA_36_000640_1	1	373	532	-0.299	0.299	7.475
497064	FHA_36_000640_1	2	274	336	-0.185	0.185	3.55
497064	FHA_36_000640_1	3	593	299	0.983	0.496	13.921
497064	FHA_36_000640_1	4	733	464	0.58	0.367	10.996
497064	FHA_36_000640_1	5	1171	1331	-0.12	0.12	4.524
497064	FHA_36_000640_1	6	2520	2768	-0.09	0.09	4.823
497064	FHA_36_000640_1	7	3085	3038	0.015	0.015	0.849
497064	FHA_36_000640_1	8	3786	3302	0.147	0.128	8.13
497064	FHA_36_000640_1	9	3923	3252	0.206	0.171	11.203
497064	FHA_36_000640_1	10	3779	2949	0.281	0.22	14.31
497064	FHA_36_000640_1	11	3677	2604	0.412	0.292	19.147
497064	FHA_36_000640_1	12	3665	2507	0.462	0.316	20.845
497064	FHA_36_000640_1	13	3551	2541	0.397	0.284	18.3
497064	FHA_36_000640_1	14	3441	2621	0.313	0.238	14.894
497064	FHA_36_000640_1	15	3520	2881	0.222	0.182	11.295
497064	FHA_36_000640_1	16	3418	2934	0.165	0.142	8.588
497064	FHA_36_000640_1	17	3304	2853	0.158	0.137	8.128
497064	FHA_36_000640_1	18	3429	2949	0.163	0.14	8.5
497064	FHA_36_000640_1	19	3452	2780	0.242	0.195	12.038
497064	FHA_36_000640_1	20	3296	2205	0.495	0.331	20.803
497064	FHA_36_000640_1	21	3289	1826	0.801	0.445	28.929
497064	FHA_36_000640_1	22	3039	1497	1.03	0.507	32.379
497064	FHA_36_000640_1	23	2955	1175	1.515	0.602	39.171
497064	FHA_36_000640_1	24	2852	829	2.44	0.709	47.155
497071	FHA_36_000640_5	1	343	956	-0.641	0.641	24.053
497071	FHA_36_000640_5	2	131	562	-0.767	0.767	23.154
497071	FHA_36_000640_5	3	245	373	-0.343	0.343	7.282
497071	FHA_36_000640_5	4	236	340	-0.306	0.306	6.128
497071	FHA_36_000640_5	5	994	619	0.606	0.377	13.205
497071	FHA_36_000640_5	6	2517	1009	1.495	0.599	35.915
497071	FHA_36_000640_5	7	3535	1958	0.805	0.446	30.091
497071	FHA_36_000640_5	8	3433	2957	0.161	0.139	8.421
497071	FHA_36_000640_5	9	3365	3103	0.084	0.078	4.607
497071	FHA_36_000640_5	10	3280	2626	0.249	0.199	12.035
497071	FHA_36_000640_5	11	3029	2527	0.199	0.166	9.524
497071	FHA_36_000640_5	12	3006	2645	0.136	0.12	6.791
497071	FHA_36_000640_5	13	3039	2942	0.033	0.032	1.774
497071	FHA_36_000640_5	14	2973	3228	-0.079	0.079	4.58
497071	FHA_36_000640_5	15	2899	3725	-0.222	0.222	14.353
497071	FHA_36_000640_5	16	3062	3882	-0.211	0.211	13.916
497071	FHA_36_000640_5	17	3103	3820	-0.188	0.188	12.187
497071	FHA_36_000640_5	18	3110	3730	-0.166	0.166	10.602
497071	FHA_36_000640_5	19	2962	3520	-0.159	0.159	9.802
497071	FHA_36_000640_5	20	2836	3224	-0.12	0.12	7.049
497071	FHA_36_000640_5	21	2744	2550	0.076	0.071	3.771
497071	FHA_36_000640_5	22	2717	2100	0.294	0.227	12.572
497071	FHA_36_000640_5	23	2715	1656	0.639	0.39	22.653
497071	FHA_36_000640_5	24	2642	1398	0.89	0.471	27.679
513762	FHA_34_0001CL_5+FHA_34_0001CX_5	1	4	160	-0.975	0.975	17.227
513762	FHA_34_0001CL_5+FHA_34_0001CX_5	2	0	107	-1	1	14.629
513762	FHA_34_0001CL_5+FHA_34_0001CX_5	3	0	94	-1	1	13.711
513762	FHA_34_0001CL_5+FHA_34_0001CX_5	4	0	116	-1	1	15.232
513762	FHA_34_0001CL_5+FHA_34_0001CX_5	5	0	220	-1	1	20.976
513762	FHA_34_0001CL_5+FHA_34_0001CX_5	6	33	358	-0.908	0.908	23.244
513762	FHA_34_0001CL_5+FHA_34_0001CX_5	7	56	476	-0.882	0.882	25.752
513762	FHA_34_0001CL_5+FHA_34_0001CX_5	8	146	517	-0.718	0.718	20.377
513762	FHA_34_0001CL_5+FHA_34_0001CX_5	9	164	473	-0.653	0.653	17.314
513762	FHA_34_0001CL_5+FHA_34_0001CX_5	10	182	420	-0.567	0.567	13.718
513762	FHA_34_0001CL_5+FHA_34_0001CX_5	11	249	404	-0.384	0.384	8.578
513762	FHA_34_0001CL_5+FHA_34_0001CX_5	12	174	432	-0.597	0.597	14.822
513762	FHA_34_0001CL_5+FHA_34_0001CX_5	13	184	472	-0.61	0.61	15.902
513762	FHA_34_0001CL_5+FHA_34_0001CX_5	14	208	504	-0.587	0.587	15.688
513762	FHA_34_0001CL_5+FHA_34_0001CX_5	15	200	560	-0.643	0.643	18.468
513762	FHA_34_0001CL_5+FHA_34_0001CX_5	16	218	628	-0.653	0.653	19.935
513762	FHA_34_0001CL_5+FHA_34_0001CX_5	17	224	628	-0.643	0.643	19.574
513762	FHA_34_0001CL_5+FHA_34_0001CX_5	18	219	615	-0.644	0.644	19.392
513762	FHA_34_0001CL_5+FHA_34_0001CX_5	19	176	568	-0.69	0.69	20.324
513762	FHA_34_0001CL_5+FHA_34_0001CX_5	20	119	452	-0.737	0.737	19.708
513762	FHA_34_0001CL_5+FHA_34_0001CX_5	21	146	378	-0.614	0.614	14.333
513762	FHA_34_0001CL_5+FHA_34_0001CX_5	22	125	342	-0.635	0.635	14.201
513762	FHA_34_0001CL_5+FHA_34_0001CX_5	23	120	310	-0.613	0.613	12.958
513762	FHA_34_0001CL_5+FHA_34_0001CX_5	24	136	224	-0.393	0.393	6.559
520820	FHA_36_000180_5	1	250	763	-0.672	0.672	22.794
520820	FHA_36_000180_5	2	188	549	-0.658	0.658	18.806
520820	FHA_36_000180_5	3	158	504	-0.687	0.687	19.018
520820	FHA_36_000180_5	4	318	731	-0.565	0.565	18.033
520820	FHA_36_000180_5	5	1223	1781	-0.313	0.313	14.398
520820	FHA_36_000180_5	6	3981	3863	0.031	0.03	1.884
520820	FHA_36_000180_5	7	5358	3802	0.409	0.29	22.992
520820	FHA_36_000180_5	8	5160	3672	0.405	0.288	22.392
520820	FHA_36_000180_5	9	4290	3698	0.16	0.138	9.367
520820	FHA_36_000180_5	10	3800	3542	0.073	0.068	4.258
520820	FHA_36_000180_5	11	3761	3141	0.197	0.165	10.554
520820	FHA_36_000180_5	12	3578	3047	0.174	0.148	9.226
520820	FHA_36_000180_5	13	3492	3111	0.122	0.109	6.631
520820	FHA_36_000180_5	14	3451	3359	0.027	0.027	1.577
520820	FHA_36_000180_5	15	3407	3634	-0.062	0.062	3.826
520820	FHA_36_000180_5	16	3392	3846	-0.118	0.118	7.547
520820	FHA_36_000180_5	17	3451	3751	-0.08	0.08	4.999
520820	FHA_36_000180_5	18	3488	3719	-0.062	0.062	3.848
520820	FHA_36_000180_5	19	3262	3294	-0.01	0.01	0.559
520820	FHA_36_000180_5	20	3111	2943	0.057	0.054	3.054
520820	FHA_36_000180_5	21	2958	2610	0.133	0.118	6.595
520820	FHA_36_000180_5	22	2689	2283	0.178	0.151	8.143
520820	FHA_36_000180_5	23	2657	1796	0.479	0.324	18.247
520820	FHA_36_000180_5	24	2531	1258	1.012	0.503	29.247
541118	FHA_36_000180_1	1	1273	1764	-0.278	0.278	12.6
541118	FHA_36_000180_1	2	304	958	-0.683	0.683	26.035
541118	FHA_36_000180_1	3	590	678	-0.13	0.13	3.495
541118	FHA_36_000180_1	4	749	596	0.257	0.204	5.9
541118	FHA_36_000180_1	5	933	934	-0.001	0.001	0.033
541118	FHA_36_000180_1	6	2726	1816	0.501	0.334	19.096
541118	FHA_36_000180_1	7	4045	2888	0.401	0.286	19.651
541118	FHA_36_000180_1	8	4731	3552	0.332	0.249	18.32
541118	FHA_36_000180_1	9	4209	3685	0.142	0.124	8.341
541118	FHA_36_000180_1	10	3809	3229	0.18	0.152	9.777
541118	FHA_36_000180_1	11	3031	3290	-0.079	0.079	4.607
541118	FHA_36_000180_1	12	2968	3461	-0.142	0.142	8.695
541118	FHA_36_000180_1	13	3236	3677	-0.12	0.12	7.501
541118	FHA_36_000180_1	14	3432	3922	-0.125	0.125	8.081
541118	FHA_36_000180_1	15	4044	4518	-0.105	0.105	7.244
541118	FHA_36_000180_1	16	4216	4918	-0.143	0.143	10.388
541118	FHA_36_000180_1	17	4170	4941	-0.156	0.156	11.423
541118	FHA_36_000180_1	18	4310	4714	-0.086	0.086	6.014
541118	FHA_36_000180_1	19	4157	4265	-0.025	0.025	1.664
541118	FHA_36_000180_1	20	3997	3813	0.048	0.046	2.944
541118	FHA_36_000180_1	21	3789	3356	0.129	0.114	7.244
541118	FHA_36_000180_1	22	3821	3063	0.247	0.198	12.92
541118	FHA_36_000180_1	23	3729	2664	0.4	0.286	18.837
541118	FHA_36_000180_1	24	3693	2537	0.456	0.313	20.712
559164	FHA_34_S02120_5	1	39	654	-0.94	0.94	33.039
559164	FHA_34_S02120_5	2	17	493	-0.966	0.966	29.808
559164	FHA_34_S02120_5	3	22	444	-0.95	0.95	27.646
559164	FHA_34_S02120_5	4	48	516	-0.907	0.907	27.869
559164	FHA_34_S02120_5	5	198	816	-0.757	0.757	27.446
559164	FHA_34_S02120_5	6	872	1660	-0.475	0.475	22.147
559164	FHA_34_S02120_5	7	1710	2586	-0.339	0.339	18.901
559164	FHA_34_S02120_5	8	2958	3090	-0.043	0.043	2.4
559164	FHA_34_S02120_5	9	2395	3058	-0.217	0.217	12.697
559164	FHA_34_S02120_5	10	2066	2523	-0.181	0.181	9.541
559164	FHA_34_S02120_5	11	2009	2314	-0.132	0.132	6.56
559164	FHA_34_S02120_5	12	1768	2408	-0.266	0.266	14.006
559164	FHA_34_S02120_5	13	1969	2544	-0.226	0.226	12.105
559164	FHA_34_S02120_5	14	1893	2578	-0.266	0.266	14.488
559164	FHA_34_S02120_5	15	1841	2770	-0.335	0.335	19.348
559164	FHA_34_S02120_5	16	1925	3021	-0.363	0.363	22.039
559164	FHA_34_S02120_5	17	1652	3231	-0.489	0.489	31.956
559164	FHA_34_S02120_5	18	1585	3271	-0.515	0.515	34.216
559164	FHA_34_S02120_5	19	1400	3092	-0.547	0.547	35.702
559164	FHA_34_S02120_5	20	926	2583	-0.642	0.642	39.559
559164	FHA_34_S02120_5	21	775	2117	-0.634	0.634	35.291
559164	FHA_34_S02120_5	22	555	1795	-0.691	0.691	36.175
559164	FHA_34_S02120_5	23	357	1435	-0.751	0.751	36.013
559164	FHA_34_S02120_5	24	290	1053	-0.725	0.725	29.444
564920	FHA_34_000280_7	1	19	363	-0.948	0.948	24.891
564920	FHA_34_000280_7	2	26	209	-0.876	0.876	16.882
564920	FHA_34_000280_7	3	35	171	-0.795	0.795	13.4
564920	FHA_34_000280_7	4	22	256	-0.914	0.914	19.848
564920	FHA_34_000280_7	5	157	501	-0.687	0.687	18.965
564920	FHA_34_000280_7	6	579	1289	-0.551	0.551	23.232
564920	FHA_34_000280_7	7	953	3066	-0.689	0.689	47.136
564920	FHA_34_000280_7	8	1548	4581	-0.662	0.662	54.789
564920	FHA_34_000280_7	9	1223	4980	-0.754	0.754	67.461
564920	FHA_34_000280_7	10	665	3631	-0.817	0.817	63.996
564920	FHA_34_000280_7	11	523	2720	-0.808	0.808	54.56
564920	FHA_34_000280_7	12	414	2652	-0.844	0.844	57.16
564920	FHA_34_000280_7	13	517	2723	-0.81	0.81	54.809
564920	FHA_34_000280_7	14	568	2997	-0.81	0.81	57.532
564920	FHA_34_000280_7	15	705	3840	-0.816	0.816	65.764
564920	FHA_34_000280_7	16	702	4424	-0.841	0.841	73.519
564920	FHA_34_000280_7	17	835	4023	-0.792	0.792	64.685
564920	FHA_34_000280_7	18	580	3759	-0.846	0.846	68.251
564920	FHA_34_000280_7	19	528	3209	-0.835	0.835	62.023
564920	FHA_34_000280_7	20	392	2354	-0.833	0.833	52.95
564920	FHA_34_000280_7	21	343	1701	-0.798	0.798	42.479
564920	FHA_34_000280_7	22	318	1269	-0.749	0.749	33.76
564920	FHA_34_000280_7	23	291	1154	-0.748	0.748	32.106
564920	FHA_34_000280_7	24	194	726	-0.733	0.733	24.805
566410	FHA_34_000287_1	1	19	303	-0.937	0.937	22.382
566410	FHA_34_000287_1	2	61	267	-0.772	0.772	16.086
566410	FHA_34_000287_1	3	53	273	-0.806	0.806	17.232
566410	FHA_34_000287_1	4	35	382	-0.908	0.908	24.031
566410	FHA_34_000287_1	5	116	638	-0.818	0.818	26.884
566410	FHA_34_000287_1	6	238	1311	-0.818	0.818	38.556
566410	FHA_34_000287_1	7	359	2141	-0.832	0.832	50.403
566410	FHA_34_000287_1	8	784	2863	-0.726	0.726	48.686
566410	FHA_34_000287_1	9	848	2553	-0.668	0.668	41.346
566410	FHA_34_000287_1	10	705	2032	-0.653	0.653	35.871
566410	FHA_34_000287_1	11	722	1936	-0.627	0.627	33.301
566410	FHA_34_000287_1	12	659	1899	-0.653	0.653	34.673
566410	FHA_34_000287_1	13	643	1832	-0.649	0.649	33.799
566410	FHA_34_000287_1	14	625	1869	-0.666	0.666	35.228
566410	FHA_34_000287_1	15	578	2028	-0.715	0.715	40.169
566410	FHA_34_000287_1	16	553	2194	-0.748	0.748	44.279
566410	FHA_34_000287_1	17	622	2332	-0.733	0.733	44.494
566410	FHA_34_000287_1	18	579	2252	-0.743	0.743	44.467
566410	FHA_34_000287_1	19	555	1776	-0.688	0.688	35.765
566410	FHA_34_000287_1	20	442	1297	-0.659	0.659	28.996
566410	FHA_34_000287_1	21	420	945	-0.556	0.556	20.096
566410	FHA_34_000287_1	22	290	716	-0.595	0.595	18.994
566410	FHA_34_000287_1	23	232	540	-0.57	0.57	15.677
566410	FHA_34_000287_1	24	209	407	-0.486	0.486	11.282
566715	FHA_34_000287_5	1	51	219	-0.767	0.767	14.459
566715	FHA_34_000287_5	2	70	167	-0.581	0.581	8.911
566715	FHA_34_000287_5	3	23	172	-0.866	0.866	15.09
566715	FHA_34_000287_5	4	83	200	-0.585	0.585	9.836
566715	FHA_34_000287_5	5	105	353	-0.703	0.703	16.388
566715	FHA_34_000287_5	6	84	722	-0.884	0.884	31.781
566715	FHA_34_000287_5	7	187	1409	-0.867	0.867	43.258
566715	FHA_34_000287_5	8	968	1855	-0.478	0.478	23.609
566715	FHA_34_000287_5	9	937	1653	-0.433	0.433	19.897
566715	FHA_34_000287_5	10	568	1524	-0.627	0.627	29.559
566715	FHA_34_000287_5	11	457	1618	-0.718	0.718	36.044
566715	FHA_34_000287_5	12	357	1800	-0.802	0.802	43.94
566715	FHA_34_000287_5	13	368	1991	-0.815	0.815	47.257
566715	FHA_34_000287_5	14	356	2282	-0.844	0.844	53.031
566715	FHA_34_000287_5	15	482	2757	-0.825	0.825	56.532
566715	FHA_34_000287_5	16	563	2993	-0.812	0.812	57.629
566715	FHA_34_000287_5	17	573	3115	-0.816	0.816	59.196
566715	FHA_34_000287_5	18	500	2892	-0.827	0.827	58.083
566715	FHA_34_000287_5	19	457	1956	-0.766	0.766	43.156
566715	FHA_34_000287_5	20	347	1332	-0.739	0.739	33.996
566715	FHA_34_000287_5	21	284	986	-0.712	0.712	27.858
566715	FHA_34_000287_5	22	277	738	-0.625	0.625	20.464
566715	FHA_34_000287_5	23	303	538	-0.437	0.437	11.46
566715	FHA_34_000287_5	24	242	369	-0.344	0.344	7.266
580109	FHA_34_000208_5	1	221	104	1.125	0.529	9.178
580109	FHA_34_000208_5	2	73	57	0.281	0.219	1.985
580109	FHA_34_000208_5	3	104	44	1.364	0.577	6.975
580109	FHA_34_000208_5	4	204	73	1.795	0.642	11.131
580109	FHA_34_000208_5	5	1704	235	6.251	0.862	47.179
580109	FHA_34_000208_5	6	3589	863	3.159	0.76	57.778
580109	FHA_34_000208_5	7	3631	2093	0.735	0.424	28.749
580109	FHA_34_000208_5	8	3453	2790	0.238	0.192	11.867
580109	FHA_34_000208_5	9	3412	2333	0.462	0.316	20.132
580109	FHA_34_000208_5	10	2896	1964	0.475	0.322	18.907
580109	FHA_34_000208_5	11	2701	1654	0.633	0.388	22.437
580109	FHA_34_000208_5	12	2584	1570	0.646	0.392	22.249
580109	FHA_34_000208_5	13	2744	1617	0.697	0.411	24.135
580109	FHA_34_000208_5	14	2599	1607	0.617	0.382	21.632
580109	FHA_34_000208_5	15	2638	1944	0.357	0.263	14.499
580109	FHA_34_000208_5	16	2682	2258	0.188	0.158	8.531
580109	FHA_34_000208_5	17	2518	2397	0.05	0.048	2.441
580109	FHA_34_000208_5	18	2477	2517	-0.016	0.016	0.8
580109	FHA_34_000208_5	19	2451	1974	0.242	0.195	10.141
580109	FHA_34_000208_5	20	2250	1226	0.835	0.455	24.563
580109	FHA_34_000208_5	21	1957	806	1.428	0.588	30.967
580109	FHA_34_000208_5	22	1635	642	1.547	0.607	29.429
580109	FHA_34_000208_5	23	1412	425	2.322	0.699	32.567
580109	FHA_34_000208_5	24	975	256	2.809	0.737	28.981
584262	FHA_36_000597_3	1	89	1474	-0.94	0.94	49.543
584262	FHA_36_000597_3	2	36	871	-0.959	0.959	39.21
584262	FHA_36_000597_3	3	132	615	-0.785	0.785	24.992
584262	FHA_36_000597_3	4	136	805	-0.831	0.831	30.842
584262	FHA_36_000597_3	5	267	1458	-0.817	0.817	40.554
584262	FHA_36_000597_3	6	1019	2650	-0.615	0.615	38.08
584262	FHA_36_000597_3	7	1992	3171	-0.372	0.372	23.205
584262	FHA_36_000597_3	8	2834	2988	-0.052	0.052	2.854
584262	FHA_36_000597_3	9	2463	3133	-0.214	0.214	12.666
584262	FHA_36_000597_3	10	2048	2856	-0.283	0.283	16.317
584262	FHA_36_000597_3	11	2197	2666	-0.176	0.176	9.511
584262	FHA_36_000597_3	12	1909	2695	-0.292	0.292	16.382
584262	FHA_36_000597_3	13	1956	2823	-0.307	0.307	17.736
584262	FHA_36_000597_3	14	1970	3123	-0.369	0.369	22.848
584262	FHA_36_000597_3	15	2094	3933	-0.468	0.468	33.5
584262	FHA_36_000597_3	16	2415	4152	-0.418	0.418	30.313
584262	FHA_36_000597_3	17	2181	3986	-0.453	0.453	32.505
584262	FHA_36_000597_3	18	2049	3742	-0.452	0.452	31.463
584262	FHA_36_000597_3	19	1931	3443	-0.439	0.439	29.169
584262	FHA_36_000597_3	20	1687	3157	-0.466	0.466	29.87
584262	FHA_36_000597_3	21	1490	2776	-0.463	0.463	27.845
584262	FHA_36_000597_3	22	1345	2737	-0.509	0.509	30.812
584262	FHA_36_000597_3	23	1133	2456	-0.539	0.539	31.231
584262	FHA_36_000597_3	24	964	2140	-0.55	0.55	29.851
598889	FHA_34_00003R-p2_3	1	5	212	-0.976	0.976	19.873
598889	FHA_34_00003R-p2_3	2	3	136	-0.978	0.978	15.954
598889	FHA_34_00003R-p2_3	3	0	123	-1	1	15.684
598889	FHA_34_00003R-p2_3	4	6	182	-0.967	0.967	18.153
598889	FHA_34_00003R-p2_3	5	46	357	-0.871	0.871	21.909
598889	FHA_34_00003R-p2_3	6	159	974	-0.837	0.837	34.242
598889	FHA_34_00003R-p2_3	7	381	1716	-0.778	0.778	41.228
598889	FHA_34_00003R-p2_3	8	805	1526	-0.472	0.472	21.119
598889	FHA_34_00003R-p2_3	9	654	1637	-0.6	0.6	29.044
598889	FHA_34_00003R-p2_3	10	336	1477	-0.773	0.773	37.897
598889	FHA_34_00003R-p2_3	11	341	1196	-0.715	0.715	30.842
598889	FHA_34_00003R-p2_3	12	310	1144	-0.729	0.729	30.931
598889	FHA_34_00003R-p2_3	13	375	1165	-0.678	0.678	28.47
598889	FHA_34_00003R-p2_3	14	327	1168	-0.72	0.72	30.76
598889	FHA_34_00003R-p2_3	15	349	1236	-0.718	0.718	31.508
598889	FHA_34_00003R-p2_3	16	335	1322	-0.747	0.747	34.29
598889	FHA_34_00003R-p2_3	17	358	1321	-0.729	0.729	33.237
598889	FHA_34_00003R-p2_3	18	249	1353	-0.816	0.816	39.008
598889	FHA_34_00003R-p2_3	19	208	1302	-0.84	0.84	39.815
598889	FHA_34_00003R-p2_3	20	155	1134	-0.863	0.863	38.563
598889	FHA_34_00003R-p2_3	21	124	860	-0.856	0.856	33.181
598889	FHA_34_00003R-p2_3	22	123	717	-0.828	0.828	28.984
598889	FHA_34_00003R-p2_3	23	95	580	-0.836	0.836	26.4
598889	FHA_34_00003R-p2_3	24	73	384	-0.81	0.81	20.574
598890	FHA_34_00003R-p2_7	1	15	487	-0.969	0.969	29.792
598890	FHA_34_00003R-p2_7	2	6	243	-0.975	0.975	21.24
598890	FHA_34_00003R-p2_7	3	9	161	-0.944	0.944	16.487
598890	FHA_34_00003R-p2_7	4	0	152	-1	1	17.436
598890	FHA_34_00003R-p2_7	5	0	194	-1	1	19.698
598890	FHA_34_00003R-p2_7	6	0	337	-1	1	25.962
598890	FHA_34_00003R-p2_7	7	94	758	-0.876	0.876	32.171
598890	FHA_34_00003R-p2_7	8	151	1224	-0.877	0.877	40.923
598890	FHA_34_00003R-p2_7	9	210	1235	-0.83	0.83	38.133
598890	FHA_34_00003R-p2_7	10	168	1151	-0.854	0.854	38.278
598890	FHA_34_00003R-p2_7	11	91	1052	-0.913	0.913	40.199
598890	FHA_34_00003R-p2_7	12	73	1088	-0.933	0.933	42.127
598890	FHA_34_00003R-p2_7	13	48	1183	-0.959	0.959	45.749
598890	FHA_34_00003R-p2_7	14	85	1244	-0.932	0.932	44.961
598890	FHA_34_00003R-p2_7	15	86	1467	-0.941	0.941	49.559
598890	FHA_34_00003R-p2_7	16	95	1520	-0.938	0.938	50.147
598890	FHA_34_00003R-p2_7	17	115	1446	-0.92	0.92	47.642
598890	FHA_34_00003R-p2_7	18	114	1419	-0.92	0.92	47.136
598890	FHA_34_00003R-p2_7	19	74	1385	-0.947	0.947	48.539
598890	FHA_34_00003R-p2_7	20	52	1287	-0.96	0.96	47.73
598890	FHA_34_00003R-p2_7	21	56	1084	-0.948	0.948	43.058
598890	FHA_34_00003R-p2_7	22	76	955	-0.92	0.92	38.715
598890	FHA_34_00003R-p2_7	23	55	842	-0.935	0.935	37.162
598890	FHA_34_00003R-p2_7	24	51	692	-0.926	0.926	33.257
706213	FHA_36_000299_7	1	346	1692	-0.796	0.796	42.166
706213	FHA_36_000299_7	2	90	1002	-0.91	0.91	39.03
706213	FHA_36_000299_7	3	169	717	-0.764	0.764	26.036
706213	FHA_36_000299_7	4	214	609	-0.649	0.649	19.472
706213	FHA_36_000299_7	5	1004	765	0.312	0.238	8.036
706213	FHA_36_000299_7	6	2369	1184	1.001	0.5	28.115
706213	FHA_36_000299_7	7	4587	1761	1.605	0.616	50.161
706213	FHA_36_000299_7	8	4727	2297	1.058	0.514	41.004
706213	FHA_36_000299_7	9	4966	2491	0.994	0.498	40.533
706213	FHA_36_000299_7	10	4976	2189	1.273	0.56	46.563
706213	FHA_36_000299_7	11	4684	2150	1.179	0.541	43.35
706213	FHA_36_000299_7	12	4497	2294	0.96	0.49	37.806
706213	FHA_36_000299_7	13	4477	2589	0.729	0.422	31.764
706213	FHA_36_000299_7	14	4414	2943	0.5	0.333	24.254
706213	FHA_36_000299_7	15	4517	3389	0.333	0.25	17.941
706213	FHA_36_000299_7	16	4384	3806	0.152	0.132	9.032
706213	FHA_36_000299_7	17	4248	3883	0.094	0.086	5.724
706213	FHA_36_000299_7	18	4183	3839	0.09	0.082	5.432
706213	FHA_36_000299_7	19	3989	3516	0.135	0.119	7.721
706213	FHA_36_000299_7	20	3949	3076	0.284	0.221	14.73
706213	FHA_36_000299_7	21	3768	2776	0.357	0.263	17.342
706213	FHA_36_000299_7	22	3554	2394	0.485	0.326	21.271
706213	FHA_36_000299_7	23	3396	2166	0.568	0.362	23.324
706213	FHA_36_000299_7	24	3344	2233	0.498	0.332	21.039
714945	FHA_34_E02123_3	1	26	479	-0.946	0.946	28.508
714945	FHA_34_E02123_3	2	3	362	-0.992	0.992	26.574
714945	FHA_34_E02123_3	3	65	366	-0.822	0.822	20.504
714945	FHA_34_E02123_3	4	67	568	-0.882	0.882	28.117
714945	FHA_34_E02123_3	5	38	1408	-0.973	0.973	50.951
714945	FHA_34_E02123_3	6	65	2986	-0.978	0.978	74.787
714945	FHA_34_E02123_3	7	281	4198	-0.933	0.933	82.771
714945	FHA_34_E02123_3	8	744	4286	-0.826	0.826	70.628
714945	FHA_34_E02123_3	9	677	3884	-0.826	0.826	67.156
714945	FHA_34_E02123_3	10	511	3374	-0.849	0.849	64.959
714945	FHA_34_E02123_3	11	413	2961	-0.861	0.861	62.036
714945	FHA_34_E02123_3	12	324	2931	-0.889	0.889	64.622
714945	FHA_34_E02123_3	13	270	2926	-0.908	0.908	66.442
714945	FHA_34_E02123_3	14	209	3160	-0.934	0.934	71.901
714945	FHA_34_E02123_3	15	314	3721	-0.916	0.916	75.852
714945	FHA_34_E02123_3	16	409	4306	-0.905	0.905	80.261
714945	FHA_34_E02123_3	17	411	4144	-0.901	0.901	78.222
714945	FHA_34_E02123_3	18	444	3748	-0.882	0.882	72.168
714945	FHA_34_E02123_3	19	290	3281	-0.912	0.912	70.784
714945	FHA_34_E02123_3	20	213	2385	-0.911	0.911	60.264
714945	FHA_34_E02123_3	21	123	1867	-0.934	0.934	55.289
714945	FHA_34_E02123_3	22	80	1537	-0.948	0.948	51.241
714945	FHA_34_E02123_3	23	52	1161	-0.955	0.955	45.031
714945	FHA_34_E02123_3	24	45	784	-0.943	0.943	36.298
714948	FHA_34_W02123_7	1	16	692	-0.977	0.977	35.929
714948	FHA_34_W02123_7	2	45	368	-0.878	0.878	22.477
714948	FHA_34_W02123_7	3	58	323	-0.82	0.82	19.2
714948	FHA_34_W02123_7	4	43	490	-0.912	0.912	27.382
714948	FHA_34_W02123_7	5	52	898	-0.942	0.942	38.817
714948	FHA_34_W02123_7	6	194	2238	-0.913	0.913	58.616
714948	FHA_34_W02123_7	7	341	4245	-0.92	0.92	81.528
714948	FHA_34_W02123_7	8	726	5003	-0.855	0.855	79.913
714948	FHA_34_W02123_7	9	639	4644	-0.862	0.862	77.925
714948	FHA_34_W02123_7	10	313	3468	-0.91	0.91	72.562
714948	FHA_34_W02123_7	11	233	3100	-0.925	0.925	70.23
714948	FHA_34_W02123_7	12	157	3246	-0.952	0.952	74.886
714948	FHA_34_W02123_7	13	135	3504	-0.961	0.961	78.981
714948	FHA_34_W02123_7	14	165	3959	-0.958	0.958	83.551
714948	FHA_34_W02123_7	15	309	4609	-0.933	0.933	86.714
714948	FHA_34_W02123_7	16	343	5020	-0.932	0.932	90.319
714948	FHA_34_W02123_7	17	400	4823	-0.917	0.917	86.551
714948	FHA_34_W02123_7	18	346	4414	-0.922	0.922	83.386
714948	FHA_34_W02123_7	19	291	3794	-0.923	0.923	77.51
714948	FHA_34_W02123_7	20	170	2960	-0.943	0.943	70.526
714948	FHA_34_W02123_7	21	171	2346	-0.927	0.927	61.31
714948	FHA_34_W02123_7	22	152	1951	-0.922	0.922	55.479
714948	FHA_34_W02123_7	23	101	1462	-0.931	0.931	48.685
714948	FHA_34_W02123_7	24	112	1181	-0.905	0.905	42.043
730001	FHA_34_00003R_7	1	400	1300	-0.692	0.692	30.87
730001	FHA_34_00003R_7	2	83	647	-0.872	0.872	29.521
730001	FHA_34_00003R_7	3	238	429	-0.445	0.445	10.459
730001	FHA_34_00003R_7	4	112	406	-0.724	0.724	18.268
730001	FHA_34_00003R_7	5	433	517	-0.162	0.162	3.854
730001	FHA_34_00003R_7	6	1095	898	0.219	0.18	6.241
730001	FHA_34_00003R_7	7	2061	2020	0.02	0.02	0.908
730001	FHA_34_00003R_7	8	2879	3263	-0.118	0.118	6.929
730001	FHA_34_00003R_7	9	2652	3294	-0.195	0.195	11.774
730001	FHA_34_00003R_7	10	2320	3069	-0.244	0.244	14.429
730001	FHA_34_00003R_7	11	2309	2806	-0.177	0.177	9.828
730001	FHA_34_00003R_7	12	2214	2901	-0.237	0.237	13.585
730001	FHA_34_00003R_7	13	2156	3154	-0.316	0.316	19.369
730001	FHA_34_00003R_7	14	2231	3318	-0.328	0.328	20.637
730001	FHA_34_00003R_7	15	2537	3911	-0.351	0.351	24.199
730001	FHA_34_00003R_7	16	2572	4052	-0.365	0.365	25.717
730001	FHA_34_00003R_7	17	2619	3857	-0.321	0.321	21.756
730001	FHA_34_00003R_7	18	2508	3785	-0.337	0.337	22.765
730001	FHA_34_00003R_7	19	2314	3694	-0.374	0.374	25.178
730001	FHA_34_00003R_7	20	2004	3431	-0.416	0.416	27.374
730001	FHA_34_00003R_7	21	1958	2891	-0.323	0.323	18.948
730001	FHA_34_00003R_7	22	1707	2548	-0.33	0.33	18.233
730001	FHA_34_00003R_7	23	1549	2245	-0.31	0.31	15.98
730001	FHA_34_00003R_7	24	1362	1845	-0.262	0.262	12.062
730028	FHA_34_N00440_1	1	125	183	-0.317	0.317	4.674
730028	FHA_34_N00440_1	2	152	125	0.216	0.178	2.294
730028	FHA_34_N00440_1	3	248	129	0.922	0.48	8.667
730028	FHA_34_N00440_1	4	326	182	0.791	0.442	9.035
730028	FHA_34_N00440_1	5	266	366	-0.273	0.273	5.625
730028	FHA_34_N00440_1	6	1221	913	0.337	0.252	9.429
730028	FHA_34_N00440_1	7	1776	1520	0.168	0.144	6.306
730028	FHA_34_N00440_1	8	2328	1922	0.211	0.174	8.807
730028	FHA_34_N00440_1	9	1875	1634	0.147	0.129	5.754
730028	FHA_34_N00440_1	10	1766	1308	0.35	0.259	11.682
730028	FHA_34_N00440_1	11	1611	1270	0.269	0.212	8.985
730028	FHA_34_N00440_1	12	1571	1296	0.212	0.175	7.263
730028	FHA_34_N00440_1	13	1542	1326	0.163	0.14	5.704
730028	FHA_34_N00440_1	14	1657	1366	0.213	0.176	7.485
730028	FHA_34_N00440_1	15	1755	1400	0.254	0.202	8.938
730028	FHA_34_N00440_1	16	1986	1404	0.415	0.293	14.136
730028	FHA_34_N00440_1	17	1931	1385	0.394	0.283	13.409
730028	FHA_34_N00440_1	18	1944	1438	0.352	0.26	12.305
730028	FHA_34_N00440_1	19	1967	1396	0.409	0.29	13.925
730028	FHA_34_N00440_1	20	1799	1177	0.528	0.346	16.125
730028	FHA_34_N00440_1	21	1718	893	0.924	0.48	22.833
730028	FHA_34_N00440_1	22	1756	655	1.681	0.627	31.711
730028	FHA_34_N00440_1	23	1660	484	2.43	0.708	35.918
730028	FHA_34_N00440_1	24	1770	344	4.145	0.806	43.861
750933	FHA_34_W03123_7	1	28	377	-0.926	0.926	24.525
750933	FHA_34_W03123_7	2	17	223	-0.924	0.924	18.805
750933	FHA_34_W03123_7	3	39	230	-0.83	0.83	16.469
750933	FHA_34_W03123_7	4	34	391	-0.913	0.913	24.49
750933	FHA_34_W03123_7	5	116	907	-0.872	0.872	34.975
750933	FHA_34_W03123_7	6	713	2296	-0.689	0.689	40.812
750933	FHA_34_W03123_7	7	1209	4417	-0.726	0.726	60.485
750933	FHA_34_W03123_7	8	1980	4550	-0.565	0.565	44.977
750933	FHA_34_W03123_7	9	1753	3990	-0.561	0.561	41.746
750933	FHA_34_W03123_7	10	1110	3512	-0.684	0.684	49.966
750933	FHA_34_W03123_7	11	825	3315	-0.751	0.751	54.729
750933	FHA_34_W03123_7	12	768	3279	-0.766	0.766	55.821
750933	FHA_34_W03123_7	13	752	3300	-0.772	0.772	56.608
750933	FHA_34_W03123_7	14	706	3679	-0.808	0.808	63.493
750933	FHA_34_W03123_7	15	841	4201	-0.8	0.8	66.92
750933	FHA_34_W03123_7	16	1043	4292	-0.757	0.757	62.907
750933	FHA_34_W03123_7	17	1007	4071	-0.753	0.753	60.808
750933	FHA_34_W03123_7	18	809	3833	-0.789	0.789	62.769
750933	FHA_34_W03123_7	19	807	3292	-0.755	0.755	54.891
750933	FHA_34_W03123_7	20	653	2220	-0.706	0.706	41.344
750933	FHA_34_W03123_7	21	484	1718	-0.718	0.718	37.19
750933	FHA_34_W03123_7	22	482	1504	-0.68	0.68	32.432
750933	FHA_34_W03123_7	23	381	1195	-0.681	0.681	28.998
750933	FHA_34_W03123_7	24	285	751	-0.621	0.621	20.475
78074	FHA_34_00022C_3	1	27	107	-0.748	0.748	9.774
78074	FHA_34_00022C_3	2	5	224	-0.978	0.978	20.466
78074	FHA_34_00022C_3	3	26	531	-0.951	0.951	30.261
78074	FHA_34_00022C_3	4	34	1214	-0.972	0.972	47.238
78074	FHA_34_00022C_3	5	103	1919	-0.946	0.946	57.114
78074	FHA_34_00022C_3	6	447	1891	-0.764	0.764	42.234
78074	FHA_34_00022C_3	7	1011	1703	-0.406	0.406	18.785
78074	FHA_34_00022C_3	8	2109	1373	0.536	0.349	17.639
78074	FHA_34_00022C_3	9	1541	1293	0.192	0.161	6.588
78074	FHA_34_00022C_3	10	1117	1344	-0.169	0.169	6.471
78074	FHA_34_00022C_3	11	1126	1354	-0.168	0.168	6.475
78074	FHA_34_00022C_3	12	863	1397	-0.382	0.382	15.886
78074	FHA_34_00022C_3	13	1006	1617	-0.378	0.378	16.872
78074	FHA_34_00022C_3	14	744	1797	-0.586	0.586	29.542
78074	FHA_34_00022C_3	15	807	1756	-0.54	0.54	26.51
78074	FHA_34_00022C_3	16	864	1661	-0.48	0.48	22.431
78074	FHA_34_00022C_3	17	794	1332	-0.404	0.404	16.501
78074	FHA_34_00022C_3	18	767	926	-0.172	0.172	5.465
78074	FHA_34_00022C_3	19	759	683	0.111	0.1	2.83
78074	FHA_34_00022C_3	20	696	513	0.357	0.263	7.443
78074	FHA_34_00022C_3	21	577	371	0.555	0.357	9.462
78074	FHA_34_00022C_3	22	516	240	1.15	0.535	14.196
78074	FHA_34_00022C_3	23	443	139	2.187	0.686	17.821
78074	FHA_34_00022C_3	24	414	95	3.358	0.771	19.996
