Link Id	Count Station Id	Hour	MATSIM volumes	Count volumes	Relative Error	Normalized Relative Error	GEH
13484	FHA_01_001402_5+FHA_01_021402_5	1	59.2	62	-0.045	0.045	0.36
13484	FHA_01_001402_5+FHA_01_021402_5	2	18	36	-0.5	0.5	3.464
13484	FHA_01_001402_5+FHA_01_021402_5	3	16	26	-0.385	0.385	2.182
13484	FHA_01_001402_5+FHA_01_021402_5	4	118.8	30	2.96	0.747	10.295
13484	FHA_01_001402_5+FHA_01_021402_5	5	124.4	52	1.392	0.582	7.709
13484	FHA_01_001402_5+FHA_01_021402_5	6	248.4	151	0.645	0.392	6.892
13484	FHA_01_001402_5+FHA_01_021402_5	7	554.4	402	0.379	0.275	6.969
13484	FHA_01_001402_5+FHA_01_021402_5	8	1471.6	822	0.79	0.441	19.182
13484	FHA_01_001402_5+FHA_01_021402_5	9	1459.6	758	0.926	0.481	21.07
13484	FHA_01_001402_5+FHA_01_021402_5	10	1459.6	650	1.246	0.555	24.928
13484	FHA_01_001402_5+FHA_01_021402_5	11	1321.6	675	0.958	0.489	20.465
13484	FHA_01_001402_5+FHA_01_021402_5	12	1272.4	762	0.67	0.401	16.003
13484	FHA_01_001402_5+FHA_01_021402_5	13	1236.4	818	0.511	0.338	13.055
13484	FHA_01_001402_5+FHA_01_021402_5	14	1315.6	830	0.585	0.369	14.826
13484	FHA_01_001402_5+FHA_01_021402_5	15	1259.6	872	0.444	0.308	11.873
13484	FHA_01_001402_5+FHA_01_021402_5	16	1304.4	982	0.328	0.247	9.535
13484	FHA_01_001402_5+FHA_01_021402_5	17	1386	1026	0.351	0.26	10.366
13484	FHA_01_001402_5+FHA_01_021402_5	18	1387.2	1032	0.344	0.256	10.213
13484	FHA_01_001402_5+FHA_01_021402_5	19	1188.8	804	0.479	0.324	12.19
13484	FHA_01_001402_5+FHA_01_021402_5	20	961.2	589	0.632	0.387	13.369
13484	FHA_01_001402_5+FHA_01_021402_5	21	612.8	434	0.412	0.292	7.815
13484	FHA_01_001402_5+FHA_01_021402_5	22	485.6	318	0.527	0.345	8.361
13484	FHA_01_001402_5+FHA_01_021402_5	23	321.6	202	0.592	0.372	7.392
13484	FHA_01_001402_5+FHA_01_021402_5	24	180	135	0.333	0.25	3.586
139305	FHA_01_001462_1	1	59.6	13	3.585	0.782	7.735
139305	FHA_01_001462_1	2	13.6	7	0.943	0.485	2.056
139305	FHA_01_001462_1	3	23.2	6	2.867	0.741	4.501
139305	FHA_01_001462_1	4	103.6	12	7.633	0.884	12.048
139305	FHA_01_001462_1	5	117.2	21	4.581	0.821	11.573
139305	FHA_01_001462_1	6	216.8	43	4.042	0.802	15.249
139305	FHA_01_001462_1	7	553.2	107	4.17	0.807	24.559
139305	FHA_01_001462_1	8	1518.8	220	5.904	0.855	44.049
139305	FHA_01_001462_1	9	1470	194	6.577	0.868	44.237
139305	FHA_01_001462_1	10	1178	206	4.718	0.825	36.95
139305	FHA_01_001462_1	11	921.2	209	3.408	0.773	29.96
139305	FHA_01_001462_1	12	864.8	234	2.696	0.729	26.912
139305	FHA_01_001462_1	13	744	270	1.756	0.637	21.051
139305	FHA_01_001462_1	14	889.2	286	2.109	0.678	24.884
139305	FHA_01_001462_1	15	886.8	286	2.101	0.677	24.81
139305	FHA_01_001462_1	16	853.6	302	1.826	0.646	22.948
139305	FHA_01_001462_1	17	888.8	345	1.576	0.612	21.894
139305	FHA_01_001462_1	18	918.8	334	1.751	0.636	23.366
139305	FHA_01_001462_1	19	862.4	274	2.147	0.682	24.684
139305	FHA_01_001462_1	20	560.4	205	1.734	0.634	18.167
139305	FHA_01_001462_1	21	312.8	167	0.873	0.466	9.413
139305	FHA_01_001462_1	22	200	104	0.923	0.48	7.787
139305	FHA_01_001462_1	23	150	47	2.191	0.687	10.378
139305	FHA_01_001462_1	24	87.2	27	2.23	0.69	7.967
139543	FHA_01_001464_5	1	39.2	22	0.782	0.439	3.109
139543	FHA_01_001464_5	2	20.4	11	0.855	0.461	2.372
139543	FHA_01_001464_5	3	8	10	-0.2	0.2	0.667
139543	FHA_01_001464_5	4	79.2	11	6.2	0.861	10.155
139543	FHA_01_001464_5	5	110.4	23	3.8	0.792	10.702
139543	FHA_01_001464_5	6	123.2	55	1.24	0.554	7.225
139543	FHA_01_001464_5	7	356	165	1.158	0.537	11.834
139543	FHA_01_001464_5	8	1312.4	318	3.127	0.758	34.828
139543	FHA_01_001464_5	9	1640.4	346	3.741	0.789	41.072
139543	FHA_01_001464_5	10	1551.2	269	4.767	0.827	42.502
139543	FHA_01_001464_5	11	1402.4	277	4.063	0.802	38.837
139543	FHA_01_001464_5	12	1078.4	315	2.423	0.708	28.922
139543	FHA_01_001464_5	13	788	318	1.478	0.596	19.986
139543	FHA_01_001464_5	14	780	311	1.508	0.601	20.081
139543	FHA_01_001464_5	15	724	311	1.328	0.57	18.155
139543	FHA_01_001464_5	16	734.8	344	1.136	0.532	16.827
139543	FHA_01_001464_5	17	726	337	1.154	0.536	16.873
139543	FHA_01_001464_5	18	756.4	335	1.258	0.557	18.039
139543	FHA_01_001464_5	19	693.2	280	1.476	0.596	18.732
139543	FHA_01_001464_5	20	450.8	184	1.45	0.592	14.976
139543	FHA_01_001464_5	21	223.2	126	0.771	0.435	7.356
139543	FHA_01_001464_5	22	136.4	95	0.436	0.304	3.849
139543	FHA_01_001464_5	23	113.2	67	0.69	0.408	4.867
139543	FHA_01_001464_5	24	47.2	43	0.098	0.089	0.625
141936	FHA_01_000119_1	1	80.4	303	-0.735	0.735	16.077
141936	FHA_01_000119_1	2	56.8	244	-0.767	0.767	15.264
141936	FHA_01_000119_1	3	34	215	-0.842	0.842	16.222
141936	FHA_01_000119_1	4	176.8	268	-0.34	0.34	6.115
141936	FHA_01_000119_1	5	207.2	404	-0.487	0.487	11.258
141936	FHA_01_000119_1	6	333.2	818	-0.593	0.593	20.207
141936	FHA_01_000119_1	7	783.2	1743	-0.551	0.551	27.006
141936	FHA_01_000119_1	8	2784	2657	0.048	0.046	2.435
141936	FHA_01_000119_1	9	2816.8	2457	0.146	0.128	7.007
141936	FHA_01_000119_1	10	2462	2202	0.118	0.106	5.384
141936	FHA_01_000119_1	11	2053.2	2152	-0.046	0.046	2.155
141936	FHA_01_000119_1	12	1709.6	2290	-0.253	0.253	12.979
141936	FHA_01_000119_1	13	1594	2474	-0.356	0.356	19.512
141936	FHA_01_000119_1	14	1762.8	2702	-0.348	0.348	19.878
141936	FHA_01_000119_1	15	1871.2	3078	-0.392	0.392	24.26
141936	FHA_01_000119_1	16	2191.2	3544	-0.382	0.382	25.262
141936	FHA_01_000119_1	17	2300	4000	-0.425	0.425	30.29
141936	FHA_01_000119_1	18	2193.2	3742	-0.414	0.414	28.431
141936	FHA_01_000119_1	19	2234	2625	-0.149	0.149	7.933
141936	FHA_01_000119_1	20	1702	1859	-0.084	0.084	3.721
141936	FHA_01_000119_1	21	1363.6	1470	-0.072	0.072	2.827
141936	FHA_01_000119_1	22	1114.4	1154	-0.034	0.034	1.176
141936	FHA_01_000119_1	23	882.4	796	0.109	0.098	2.983
141936	FHA_01_000119_1	24	620.4	525	0.182	0.154	3.986
14240	FHA_01_000114_1	1	55.6	261	-0.787	0.787	16.325
14240	FHA_01_000114_1	2	83.2	212	-0.608	0.608	10.602
14240	FHA_01_000114_1	3	61.2	211	-0.71	0.71	12.841
14240	FHA_01_000114_1	4	152.8	251	-0.391	0.391	6.911
14240	FHA_01_000114_1	5	118	396	-0.702	0.702	17.341
14240	FHA_01_000114_1	6	226.8	944	-0.76	0.76	29.642
14240	FHA_01_000114_1	7	578.4	1581	-0.634	0.634	30.512
14240	FHA_01_000114_1	8	1704.4	2261	-0.246	0.246	12.5
14240	FHA_01_000114_1	9	1621.6	1795	-0.097	0.097	4.195
14240	FHA_01_000114_1	10	1339.2	1573	-0.149	0.149	6.127
14240	FHA_01_000114_1	11	1109.6	1555	-0.286	0.286	12.203
14240	FHA_01_000114_1	12	962.4	1603	-0.4	0.4	17.886
14240	FHA_01_000114_1	13	860	1697	-0.493	0.493	23.409
14240	FHA_01_000114_1	14	863.6	1779	-0.515	0.515	25.183
14240	FHA_01_000114_1	15	1079.6	1994	-0.459	0.459	23.325
14240	FHA_01_000114_1	16	1105.2	2416	-0.543	0.543	31.24
14240	FHA_01_000114_1	17	1014	2671	-0.62	0.62	38.603
14240	FHA_01_000114_1	18	1084	2743	-0.605	0.605	37.926
14240	FHA_01_000114_1	19	972.8	1846	-0.473	0.473	23.259
14240	FHA_01_000114_1	20	905.6	1136	-0.203	0.203	7.211
14240	FHA_01_000114_1	21	635.2	833	-0.237	0.237	7.3
14240	FHA_01_000114_1	22	548	637	-0.14	0.14	3.656
14240	FHA_01_000114_1	23	406	515	-0.212	0.212	5.079
14240	FHA_01_000114_1	24	260.4	420	-0.38	0.38	8.653
14256	FHA_01_000115_1	1	52.8	245	-0.784	0.784	15.751
14256	FHA_01_000115_1	2	60.4	216	-0.72	0.72	13.236
14256	FHA_01_000115_1	3	29.6	226	-0.869	0.869	17.373
14256	FHA_01_000115_1	4	133.2	278	-0.521	0.521	10.099
14256	FHA_01_000115_1	5	107.6	450	-0.761	0.761	20.506
14256	FHA_01_000115_1	6	258.8	1052	-0.754	0.754	30.983
14256	FHA_01_000115_1	7	663.2	1850	-0.642	0.642	33.48
14256	FHA_01_000115_1	8	2133.2	2575	-0.172	0.172	9.106
14256	FHA_01_000115_1	9	2136.4	2084	0.025	0.025	1.141
14256	FHA_01_000115_1	10	1456	1732	-0.159	0.159	6.913
14256	FHA_01_000115_1	11	982.8	1708	-0.425	0.425	19.771
14256	FHA_01_000115_1	12	900.8	1745	-0.484	0.484	23.21
14256	FHA_01_000115_1	13	925.6	1835	-0.496	0.496	24.478
14256	FHA_01_000115_1	14	1083.2	1884	-0.425	0.425	20.791
14256	FHA_01_000115_1	15	1129.6	2105	-0.463	0.463	24.254
14256	FHA_01_000115_1	16	1305.2	2578	-0.494	0.494	28.886
14256	FHA_01_000115_1	17	1220	2783	-0.562	0.562	34.937
14256	FHA_01_000115_1	18	1508	2763	-0.454	0.454	27.158
14256	FHA_01_000115_1	19	1408.8	1908	-0.262	0.262	12.258
14256	FHA_01_000115_1	20	1018.8	1189	-0.143	0.143	5.123
14256	FHA_01_000115_1	21	563.2	863	-0.347	0.347	11.227
14256	FHA_01_000115_1	22	370.8	657	-0.436	0.436	12.625
14256	FHA_01_000115_1	23	232.8	494	-0.529	0.529	13.702
14256	FHA_01_000115_1	24	163.6	401	-0.592	0.592	14.129
154144	FHA_01_001461_5	1	4.4	44	-0.9	0.9	8.05
154144	FHA_01_001461_5	2	10	29	-0.655	0.655	4.303
154144	FHA_01_001461_5	3	6.8	19	-0.642	0.642	3.397
154144	FHA_01_001461_5	4	41.6	30	0.387	0.279	1.939
154144	FHA_01_001461_5	5	53.6	62	-0.135	0.135	1.105
154144	FHA_01_001461_5	6	102.4	134	-0.236	0.236	2.907
154144	FHA_01_001461_5	7	205.2	297	-0.309	0.309	5.793
154144	FHA_01_001461_5	8	736.4	569	0.294	0.227	6.552
154144	FHA_01_001461_5	9	822	760	0.082	0.075	2.204
154144	FHA_01_001461_5	10	851.6	760	0.121	0.108	3.227
154144	FHA_01_001461_5	11	654.8	942	-0.305	0.305	10.164
154144	FHA_01_001461_5	12	590.8	1052	-0.438	0.438	16.092
154144	FHA_01_001461_5	13	487.6	1083	-0.55	0.55	21.247
154144	FHA_01_001461_5	14	553.2	1072	-0.484	0.484	18.2
154144	FHA_01_001461_5	15	620.8	1095	-0.433	0.433	16.19
154144	FHA_01_001461_5	16	560.8	1190	-0.529	0.529	21.266
154144	FHA_01_001461_5	17	639.2	1291	-0.505	0.505	20.981
154144	FHA_01_001461_5	18	627.2	1316	-0.523	0.523	22.098
154144	FHA_01_001461_5	19	483.6	1022	-0.527	0.527	19.623
154144	FHA_01_001461_5	20	377.2	654	-0.423	0.423	12.19
154144	FHA_01_001461_5	21	204.8	449	-0.544	0.544	13.506
154144	FHA_01_001461_5	22	149.6	305	-0.51	0.51	10.307
154144	FHA_01_001461_5	23	84	192	-0.562	0.562	9.194
154144	FHA_01_001461_5	24	48.4	105	-0.539	0.539	6.463
155974	FHA_01_000119_5	1	195.6	287	-0.318	0.318	5.884
155974	FHA_01_000119_5	2	39.2	239	-0.836	0.836	16.941
155974	FHA_01_000119_5	3	66.4	210	-0.684	0.684	12.215
155974	FHA_01_000119_5	4	374	297	0.259	0.206	4.204
155974	FHA_01_000119_5	5	215.2	604	-0.644	0.644	19.211
155974	FHA_01_000119_5	6	454	1371	-0.669	0.669	30.357
155974	FHA_01_000119_5	7	1465.2	2996	-0.511	0.511	32.412
155974	FHA_01_000119_5	8	3438.8	4385	-0.216	0.216	15.128
155974	FHA_01_000119_5	9	3039.2	3643	-0.166	0.166	10.446
155974	FHA_01_000119_5	10	2370.4	2633	-0.1	0.1	5.25
155974	FHA_01_000119_5	11	1892.4	2429	-0.221	0.221	11.544
155974	FHA_01_000119_5	12	1718	2353	-0.27	0.27	14.075
155974	FHA_01_000119_5	13	1586.4	2383	-0.334	0.334	17.881
155974	FHA_01_000119_5	14	1568.4	2406	-0.348	0.348	18.79
155974	FHA_01_000119_5	15	1645.6	2540	-0.352	0.352	19.551
155974	FHA_01_000119_5	16	1759.6	2858	-0.384	0.384	22.86
155974	FHA_01_000119_5	17	1762	3081	-0.428	0.428	26.804
155974	FHA_01_000119_5	18	1768.8	2764	-0.36	0.36	20.905
155974	FHA_01_000119_5	19	1728.4	1970	-0.123	0.123	5.618
155974	FHA_01_000119_5	20	1290	1463	-0.118	0.118	4.663
155974	FHA_01_000119_5	21	844.4	1171	-0.279	0.279	10.288
155974	FHA_01_000119_5	22	638.8	922	-0.307	0.307	10.138
155974	FHA_01_000119_5	23	574.8	653	-0.12	0.12	3.156
155974	FHA_01_000119_5	24	301.2	470	-0.359	0.359	8.596
158102	FHA_01_001381_1+FHA_01_021381_5	1	42.8	84	-0.49	0.49	5.174
158102	FHA_01_001381_1+FHA_01_021381_5	2	13.6	60	-0.773	0.773	7.649
158102	FHA_01_001381_1+FHA_01_021381_5	3	9.6	58	-0.834	0.834	8.325
158102	FHA_01_001381_1+FHA_01_021381_5	4	100.4	88	0.141	0.124	1.278
158102	FHA_01_001381_1+FHA_01_021381_5	5	93.2	196	-0.524	0.524	8.549
158102	FHA_01_001381_1+FHA_01_021381_5	6	151.6	521	-0.709	0.709	20.143
158102	FHA_01_001381_1+FHA_01_021381_5	7	388.4	1114	-0.651	0.651	26.474
158102	FHA_01_001381_1+FHA_01_021381_5	8	1724.4	1468	0.175	0.149	6.418
158102	FHA_01_001381_1+FHA_01_021381_5	9	1872	1240	0.51	0.338	16.022
158102	FHA_01_001381_1+FHA_01_021381_5	10	1779.6	1079	0.649	0.394	18.531
158102	FHA_01_001381_1+FHA_01_021381_5	11	1547.6	1010	0.532	0.347	15.033
158102	FHA_01_001381_1+FHA_01_021381_5	12	1166.8	1054	0.107	0.097	3.385
158102	FHA_01_001381_1+FHA_01_021381_5	13	1032	1058	-0.025	0.025	0.804
158102	FHA_01_001381_1+FHA_01_021381_5	14	929.2	1091	-0.148	0.148	5.091
158102	FHA_01_001381_1+FHA_01_021381_5	15	916.8	1165	-0.213	0.213	7.693
158102	FHA_01_001381_1+FHA_01_021381_5	16	926.4	1323	-0.3	0.3	11.826
158102	FHA_01_001381_1+FHA_01_021381_5	17	904	1451	-0.377	0.377	15.941
158102	FHA_01_001381_1+FHA_01_021381_5	18	940.4	1366	-0.312	0.312	12.533
158102	FHA_01_001381_1+FHA_01_021381_5	19	898.8	970	-0.073	0.073	2.329
158102	FHA_01_001381_1+FHA_01_021381_5	20	628.8	656	-0.041	0.041	1.073
158102	FHA_01_001381_1+FHA_01_021381_5	21	374.8	485	-0.227	0.227	5.315
158102	FHA_01_001381_1+FHA_01_021381_5	22	306.4	364	-0.158	0.158	3.146
158102	FHA_01_001381_1+FHA_01_021381_5	23	210.8	258	-0.183	0.183	3.083
158102	FHA_01_001381_1+FHA_01_021381_5	24	148.4	173	-0.142	0.142	1.941
159046	FHA_01_000117_5	1	212	299	-0.291	0.291	5.443
159046	FHA_01_000117_5	2	52	246	-0.789	0.789	15.893
159046	FHA_01_000117_5	3	59.6	215	-0.723	0.723	13.262
159046	FHA_01_000117_5	4	362	301	0.203	0.169	3.35
159046	FHA_01_000117_5	5	253.2	609	-0.584	0.584	17.136
159046	FHA_01_000117_5	6	488.8	1325	-0.631	0.631	27.767
159046	FHA_01_000117_5	7	1457.6	2853	-0.489	0.489	30.057
159046	FHA_01_000117_5	8	3684	4425	-0.167	0.167	11.637
159046	FHA_01_000117_5	9	3360	3900	-0.138	0.138	8.963
159046	FHA_01_000117_5	10	2604.8	2845	-0.084	0.084	4.601
159046	FHA_01_000117_5	11	2199.2	2674	-0.178	0.178	9.619
159046	FHA_01_000117_5	12	2083.6	2666	-0.218	0.218	11.951
159046	FHA_01_000117_5	13	1950.4	2660	-0.267	0.267	14.779
159046	FHA_01_000117_5	14	2018	2677	-0.246	0.246	13.601
159046	FHA_01_000117_5	15	2108.4	2875	-0.267	0.267	15.358
159046	FHA_01_000117_5	16	2254.4	3337	-0.324	0.324	20.475
159046	FHA_01_000117_5	17	2288	3525	-0.351	0.351	22.945
159046	FHA_01_000117_5	18	2272.8	3255	-0.302	0.302	18.683
159046	FHA_01_000117_5	19	2196.8	2303	-0.046	0.046	2.239
159046	FHA_01_000117_5	20	1716.4	1670	0.028	0.027	1.128
159046	FHA_01_000117_5	21	1134.4	1340	-0.153	0.153	5.845
159046	FHA_01_000117_5	22	896.8	1026	-0.126	0.126	4.167
159046	FHA_01_000117_5	23	705.2	711	-0.008	0.008	0.218
159046	FHA_01_000117_5	24	422.8	500	-0.154	0.154	3.594
16819	FHA_01_000701_7	1	158	35	3.514	0.778	12.521
16819	FHA_01_000701_7	2	60.4	28	1.157	0.536	4.873
16819	FHA_01_000701_7	3	58.4	36	0.622	0.384	3.26
16819	FHA_01_000701_7	4	170.8	65	1.628	0.619	9.744
16819	FHA_01_000701_7	5	170.4	144	0.183	0.155	2.106
16819	FHA_01_000701_7	6	420.4	330	0.274	0.215	4.667
16819	FHA_01_000701_7	7	1231.2	657	0.874	0.466	18.688
16819	FHA_01_000701_7	8	2503.2	525	3.768	0.79	50.839
16819	FHA_01_000701_7	9	2052	527	2.894	0.743	42.468
16819	FHA_01_000701_7	10	1364	565	1.414	0.586	25.727
16819	FHA_01_000701_7	11	1180.8	606	0.949	0.487	19.231
16819	FHA_01_000701_7	12	963.2	614	0.569	0.363	12.435
16819	FHA_01_000701_7	13	747.2	712	0.049	0.047	1.303
16819	FHA_01_000701_7	14	572.4	695	-0.176	0.176	4.87
16819	FHA_01_000701_7	15	756.8	658	0.15	0.131	3.715
16819	FHA_01_000701_7	16	719.6	759	-0.052	0.052	1.449
16819	FHA_01_000701_7	17	757.2	778	-0.027	0.027	0.751
16819	FHA_01_000701_7	18	655.6	801	-0.182	0.182	5.388
16819	FHA_01_000701_7	19	674.8	538	0.254	0.203	5.555
16819	FHA_01_000701_7	20	488	345	0.414	0.293	7.007
16819	FHA_01_000701_7	21	238.8	222	0.076	0.07	1.107
16819	FHA_01_000701_7	22	212.4	149	0.426	0.298	4.716
16819	FHA_01_000701_7	23	136	116	0.172	0.147	1.782
16819	FHA_01_000701_7	24	112.4	68	0.653	0.395	4.675
175052	FHA_01_000129_5	1	198.4	139	0.427	0.299	4.573
175052	FHA_01_000129_5	2	23.2	100	-0.768	0.768	9.785
175052	FHA_01_000129_5	3	43.2	101	-0.572	0.572	6.807
175052	FHA_01_000129_5	4	354.4	181	0.958	0.489	10.598
175052	FHA_01_000129_5	5	218.4	472	-0.537	0.537	13.649
175052	FHA_01_000129_5	6	478.8	1001	-0.522	0.522	19.198
175052	FHA_01_000129_5	7	1603.6	2003	-0.199	0.199	9.405
175052	FHA_01_000129_5	8	2908	2654	0.096	0.087	4.817
175052	FHA_01_000129_5	9	2660.8	2274	0.17	0.145	7.787
175052	FHA_01_000129_5	10	2436.4	1745	0.396	0.284	15.121
175052	FHA_01_000129_5	11	2319.6	1632	0.421	0.296	15.469
175052	FHA_01_000129_5	12	2048	1680	0.219	0.18	8.524
175052	FHA_01_000129_5	13	1871.6	1685	0.111	0.1	4.425
175052	FHA_01_000129_5	14	1902.8	1725	0.103	0.093	4.175
175052	FHA_01_000129_5	15	1982.8	1869	0.061	0.057	2.593
175052	FHA_01_000129_5	16	2018.8	2099	-0.038	0.038	1.767
175052	FHA_01_000129_5	17	2035.2	2159	-0.057	0.057	2.703
175052	FHA_01_000129_5	18	1957.2	2002	-0.022	0.022	1.007
175052	FHA_01_000129_5	19	1808.8	1496	0.209	0.173	7.695
175052	FHA_01_000129_5	20	1406.4	1088	0.293	0.226	9.016
175052	FHA_01_000129_5	21	937.6	830	0.13	0.115	3.619
175052	FHA_01_000129_5	22	668	597	0.119	0.106	2.823
175052	FHA_01_000129_5	23	508.8	406	0.253	0.202	4.807
175052	FHA_01_000129_5	24	315.2	244	0.292	0.226	4.258
175310	FHA_01_000426_5	1	0	7	-1	1	3.742
175310	FHA_01_000426_5	2	0	4	-1	1	2.828
175310	FHA_01_000426_5	3	0	3	-1	1	2.449
175310	FHA_01_000426_5	4	0	3	-1	1	2.449
175310	FHA_01_000426_5	5	2.4	11	-0.782	0.782	3.322
175310	FHA_01_000426_5	6	4	13	-0.692	0.692	3.087
175310	FHA_01_000426_5	7	0	27	-1	1	7.348
175310	FHA_01_000426_5	8	10.8	70	-0.846	0.846	9.314
175310	FHA_01_000426_5	9	1.6	40	-0.96	0.96	8.42
175310	FHA_01_000426_5	10	20	39	-0.487	0.487	3.498
175310	FHA_01_000426_5	11	10.4	36	-0.711	0.711	5.315
175310	FHA_01_000426_5	12	11.6	40	-0.71	0.71	5.591
175310	FHA_01_000426_5	13	3.2	43	-0.926	0.926	8.281
175310	FHA_01_000426_5	14	6.8	41	-0.834	0.834	6.996
175310	FHA_01_000426_5	15	12.8	49	-0.739	0.739	6.512
175310	FHA_01_000426_5	16	6.4	68	-0.906	0.906	10.1
175310	FHA_01_000426_5	17	24.8	80	-0.69	0.69	7.626
175310	FHA_01_000426_5	18	18.4	75	-0.755	0.755	8.282
175310	FHA_01_000426_5	19	30.8	41	-0.249	0.249	1.702
175310	FHA_01_000426_5	20	18	35	-0.486	0.486	3.302
175310	FHA_01_000426_5	21	40.4	25	0.616	0.381	2.693
175310	FHA_01_000426_5	22	22.4	22	0.018	0.018	0.085
175310	FHA_01_000426_5	23	12.4	18	-0.311	0.311	1.436
175310	FHA_01_000426_5	24	7.6	12	-0.367	0.367	1.406
175311	FHA_01_000426_1	1	0	10	-1	1	4.472
175311	FHA_01_000426_1	2	0	7	-1	1	3.742
175311	FHA_01_000426_1	3	0	5	-1	1	3.162
175311	FHA_01_000426_1	4	0	6	-1	1	3.464
175311	FHA_01_000426_1	5	0	12	-1	1	4.899
175311	FHA_01_000426_1	6	0	17	-1	1	5.831
175311	FHA_01_000426_1	7	0	28	-1	1	7.483
175311	FHA_01_000426_1	8	4	69	-0.942	0.942	10.759
175311	FHA_01_000426_1	9	13.2	48	-0.725	0.725	6.291
175311	FHA_01_000426_1	10	6.8	45	-0.849	0.849	7.506
175311	FHA_01_000426_1	11	6	45	-0.867	0.867	7.723
175311	FHA_01_000426_1	12	8.4	47	-0.821	0.821	7.334
175311	FHA_01_000426_1	13	2	51	-0.961	0.961	9.519
175311	FHA_01_000426_1	14	0	55	-1	1	10.488
175311	FHA_01_000426_1	15	8.8	65	-0.865	0.865	9.252
175311	FHA_01_000426_1	16	5.2	86	-0.94	0.94	11.965
175311	FHA_01_000426_1	17	9.6	102	-0.906	0.906	12.37
175311	FHA_01_000426_1	18	13.6	111	-0.877	0.877	12.34
175311	FHA_01_000426_1	19	19.2	68	-0.718	0.718	7.391
175311	FHA_01_000426_1	20	8.4	50	-0.832	0.832	7.698
175311	FHA_01_000426_1	21	13.2	42	-0.686	0.686	5.482
175311	FHA_01_000426_1	22	17.6	34	-0.482	0.482	3.229
175311	FHA_01_000426_1	23	4.8	24	-0.8	0.8	5.06
175311	FHA_01_000426_1	24	0	20	-1	1	6.325
176307	FHA_01_000123_5	1	192.8	189	0.02	0.02	0.275
176307	FHA_01_000123_5	2	16.4	163	-0.899	0.899	15.479
176307	FHA_01_000123_5	3	46	121	-0.62	0.62	8.208
176307	FHA_01_000123_5	4	397.2	131	2.032	0.67	16.38
176307	FHA_01_000123_5	5	210.4	228	-0.077	0.077	1.189
176307	FHA_01_000123_5	6	498	529	-0.059	0.059	1.368
176307	FHA_01_000123_5	7	1740.4	1206	0.443	0.307	13.923
176307	FHA_01_000123_5	8	3644	2019	0.805	0.446	30.538
176307	FHA_01_000123_5	9	3235.2	1873	0.727	0.421	26.954
176307	FHA_01_000123_5	10	2622	1624	0.615	0.381	21.66
176307	FHA_01_000123_5	11	2190	1565	0.399	0.285	14.424
176307	FHA_01_000123_5	12	1877.6	1709	0.099	0.09	3.981
176307	FHA_01_000123_5	13	1790	1883	-0.049	0.049	2.17
176307	FHA_01_000123_5	14	1621.2	2053	-0.21	0.21	10.074
176307	FHA_01_000123_5	15	1782	2317	-0.231	0.231	11.818
176307	FHA_01_000123_5	16	1923.2	2853	-0.326	0.326	19.027
176307	FHA_01_000123_5	17	1922	3140	-0.388	0.388	24.21
176307	FHA_01_000123_5	18	1847.6	3017	-0.388	0.388	23.711
176307	FHA_01_000123_5	19	1747.6	2113	-0.173	0.173	8.317
176307	FHA_01_000123_5	20	1341.6	1417	-0.053	0.053	2.03
176307	FHA_01_000123_5	21	979.2	1102	-0.111	0.111	3.807
176307	FHA_01_000123_5	22	684	837	-0.183	0.183	5.548
176307	FHA_01_000123_5	23	543.2	586	-0.073	0.073	1.801
176307	FHA_01_000123_5	24	315.6	368	-0.142	0.142	2.834
176314	FHA_01_000116_1	1	96	255	-0.624	0.624	12.002
176314	FHA_01_000116_1	2	62	223	-0.722	0.722	13.487
176314	FHA_01_000116_1	3	42.4	234	-0.819	0.819	16.298
176314	FHA_01_000116_1	4	188.8	298	-0.366	0.366	6.999
176314	FHA_01_000116_1	5	222	491	-0.548	0.548	14.247
176314	FHA_01_000116_1	6	411.2	1155	-0.644	0.644	26.58
176314	FHA_01_000116_1	7	1181.6	2309	-0.488	0.488	26.986
176314	FHA_01_000116_1	8	3300.8	3433	-0.039	0.039	2.278
176314	FHA_01_000116_1	9	3252.4	2747	0.184	0.155	9.228
176314	FHA_01_000116_1	10	2143.6	2136	0.004	0.004	0.164
176314	FHA_01_000116_1	11	1485.6	2018	-0.264	0.264	12.72
176314	FHA_01_000116_1	12	1308.4	2031	-0.356	0.356	17.684
176314	FHA_01_000116_1	13	1315.6	2087	-0.37	0.37	18.702
176314	FHA_01_000116_1	14	1580	2109	-0.251	0.251	12.317
176314	FHA_01_000116_1	15	1649.2	2329	-0.292	0.292	15.242
176314	FHA_01_000116_1	16	1610.8	2713	-0.406	0.406	23.705
176314	FHA_01_000116_1	17	1706.4	2945	-0.421	0.421	25.684
176314	FHA_01_000116_1	18	1738.4	2911	-0.403	0.403	24.32
176314	FHA_01_000116_1	19	1728.8	2065	-0.163	0.163	7.719
176314	FHA_01_000116_1	20	1244	1247	-0.002	0.002	0.085
176314	FHA_01_000116_1	21	738	895	-0.175	0.175	5.494
176314	FHA_01_000116_1	22	530.8	677	-0.216	0.216	5.949
176314	FHA_01_000116_1	23	331.2	509	-0.349	0.349	8.675
176314	FHA_01_000116_1	24	240.4	397	-0.394	0.394	8.772
181728	FHA_01_000115-p2_5	1	56.4	140	-0.597	0.597	8.436
181728	FHA_01_000115-p2_5	2	79.2	100	-0.208	0.208	2.197
181728	FHA_01_000115-p2_5	3	62.8	91	-0.31	0.31	3.216
181728	FHA_01_000115-p2_5	4	165.2	120	0.377	0.274	3.785
181728	FHA_01_000115-p2_5	5	118.8	240	-0.505	0.505	9.049
181728	FHA_01_000115-p2_5	6	231.2	580	-0.601	0.601	17.319
181728	FHA_01_000115-p2_5	7	496	781	-0.365	0.365	11.279
181728	FHA_01_000115-p2_5	8	1717.6	1143	0.503	0.335	15.193
181728	FHA_01_000115-p2_5	9	1686.4	948	0.779	0.438	20.345
181728	FHA_01_000115-p2_5	10	1478.4	786	0.881	0.468	20.578
181728	FHA_01_000115-p2_5	11	1352.8	774	0.748	0.428	17.749
181728	FHA_01_000115-p2_5	12	1248	834	0.496	0.332	12.831
181728	FHA_01_000115-p2_5	13	1136	892	0.274	0.215	7.663
181728	FHA_01_000115-p2_5	14	1017.6	956	0.064	0.061	1.961
181728	FHA_01_000115-p2_5	15	1186.8	1044	0.137	0.12	4.276
181728	FHA_01_000115-p2_5	16	1371.6	1151	0.192	0.161	6.211
181728	FHA_01_000115-p2_5	17	1346.8	1268	0.062	0.059	2.179
181728	FHA_01_000115-p2_5	18	1310.4	1295	0.012	0.012	0.427
181728	FHA_01_000115-p2_5	19	1240	986	0.258	0.205	7.614
181728	FHA_01_000115-p2_5	20	1210	747	0.62	0.383	14.801
181728	FHA_01_000115-p2_5	21	902	607	0.486	0.327	10.74
181728	FHA_01_000115-p2_5	22	822.8	479	0.718	0.418	13.476
181728	FHA_01_000115-p2_5	23	551.6	324	0.702	0.413	10.878
181728	FHA_01_000115-p2_5	24	368	229	0.607	0.378	8.045
18294	FHA_01_000116_5	1	90	295	-0.695	0.695	14.775
18294	FHA_01_000116_5	2	74.4	215	-0.654	0.654	11.688
18294	FHA_01_000116_5	3	64.4	194	-0.668	0.668	11.402
18294	FHA_01_000116_5	4	168.4	237	-0.289	0.289	4.818
18294	FHA_01_000116_5	5	113.6	485	-0.766	0.766	21.468
18294	FHA_01_000116_5	6	251.6	1135	-0.778	0.778	33.55
18294	FHA_01_000116_5	7	583.6	1578	-0.63	0.63	30.247
18294	FHA_01_000116_5	8	1858	2311	-0.196	0.196	9.922
18294	FHA_01_000116_5	9	1939.2	1930	0.005	0.005	0.209
18294	FHA_01_000116_5	10	1780.4	1663	0.071	0.066	2.829
18294	FHA_01_000116_5	11	1767.2	1666	0.061	0.057	2.443
18294	FHA_01_000116_5	12	1653.2	1810	-0.087	0.087	3.768
18294	FHA_01_000116_5	13	1550	1990	-0.221	0.221	10.458
18294	FHA_01_000116_5	14	1458.4	2155	-0.323	0.323	16.389
18294	FHA_01_000116_5	15	1711.6	2361	-0.275	0.275	14.391
18294	FHA_01_000116_5	16	1990.4	2639	-0.246	0.246	13.481
18294	FHA_01_000116_5	17	2024	2898	-0.302	0.302	17.618
18294	FHA_01_000116_5	18	1986	2975	-0.332	0.332	19.858
18294	FHA_01_000116_5	19	1797.2	2267	-0.207	0.207	10.422
18294	FHA_01_000116_5	20	1645.6	1775	-0.073	0.073	3.129
18294	FHA_01_000116_5	21	1297.2	1423	-0.088	0.088	3.411
18294	FHA_01_000116_5	22	997.2	1109	-0.101	0.101	3.445
18294	FHA_01_000116_5	23	748.4	752	-0.005	0.005	0.131
18294	FHA_01_000116_5	24	522	530	-0.015	0.015	0.349
185074	FHA_01_001463_1	1	106	61	0.738	0.425	4.925
185074	FHA_01_001463_1	2	45.6	32	0.425	0.298	2.183
185074	FHA_01_001463_1	3	39.2	33	0.188	0.158	1.032
185074	FHA_01_001463_1	4	216.4	38	4.695	0.824	15.818
185074	FHA_01_001463_1	5	162.4	69	1.354	0.575	8.683
185074	FHA_01_001463_1	6	407.2	175	1.327	0.57	13.609
185074	FHA_01_001463_1	7	1298.4	362	2.587	0.721	32.499
185074	FHA_01_001463_1	8	3828	516	6.419	0.865	71.066
185074	FHA_01_001463_1	9	3390.4	466	6.276	0.863	66.598
185074	FHA_01_001463_1	10	2528.8	445	4.683	0.824	54.04
185074	FHA_01_001463_1	11	1899.6	481	2.949	0.747	41.118
185074	FHA_01_001463_1	12	1528	590	1.59	0.614	28.824
185074	FHA_01_001463_1	13	1627.2	698	1.331	0.571	27.252
185074	FHA_01_001463_1	14	1846	736	1.508	0.601	30.893
185074	FHA_01_001463_1	15	1971.6	759	1.598	0.615	32.817
185074	FHA_01_001463_1	16	1916.4	802	1.39	0.582	30.227
185074	FHA_01_001463_1	17	2066.4	884	1.338	0.572	30.785
185074	FHA_01_001463_1	18	1926.4	804	1.396	0.583	30.377
185074	FHA_01_001463_1	19	2027.6	650	2.119	0.679	37.65
185074	FHA_01_001463_1	20	1551.2	498	2.115	0.679	32.903
185074	FHA_01_001463_1	21	1189.2	337	2.529	0.717	30.85
185074	FHA_01_001463_1	22	766	300	1.553	0.608	20.185
185074	FHA_01_001463_1	23	559.2	172	2.251	0.692	20.25
185074	FHA_01_001463_1	24	371.2	118	2.146	0.682	16.19
19033	FHA_01_000146_5+FHA_01_031461_5	1	4.4	178	-0.975	0.975	18.178
19033	FHA_01_000146_5+FHA_01_031461_5	2	10	128	-0.922	0.922	14.206
19033	FHA_01_000146_5+FHA_01_031461_5	3	6.8	115	-0.941	0.941	13.865
19033	FHA_01_000146_5+FHA_01_031461_5	4	42.8	146	-0.707	0.707	10.622
19033	FHA_01_000146_5+FHA_01_031461_5	5	65.6	303	-0.783	0.783	17.487
19033	FHA_01_000146_5+FHA_01_031461_5	6	100.8	656	-0.846	0.846	28.541
19033	FHA_01_000146_5+FHA_01_031461_5	7	223.2	1075	-0.792	0.792	33.433
19033	FHA_01_000146_5+FHA_01_031461_5	8	788	1703	-0.537	0.537	25.927
19033	FHA_01_000146_5+FHA_01_031461_5	9	859.2	1542	-0.443	0.443	19.706
19033	FHA_01_000146_5+FHA_01_031461_5	10	898	1302	-0.31	0.31	12.181
19033	FHA_01_000146_5+FHA_01_031461_5	11	703.2	1379	-0.49	0.49	20.945
19033	FHA_01_000146_5+FHA_01_031461_5	12	598.4	1469	-0.593	0.593	27.078
19033	FHA_01_000146_5+FHA_01_031461_5	13	484	1502	-0.678	0.678	32.305
19033	FHA_01_000146_5+FHA_01_031461_5	14	602.4	1536	-0.608	0.608	28.552
19033	FHA_01_000146_5+FHA_01_031461_5	15	592.4	1662	-0.644	0.644	31.858
19033	FHA_01_000146_5+FHA_01_031461_5	16	529.2	1859	-0.715	0.715	38.483
19033	FHA_01_000146_5+FHA_01_031461_5	17	643.2	1994	-0.677	0.677	37.199
19033	FHA_01_000146_5+FHA_01_031461_5	18	582	2104	-0.723	0.723	41.531
19033	FHA_01_000146_5+FHA_01_031461_5	19	486	1658	-0.707	0.707	35.796
19033	FHA_01_000146_5+FHA_01_031461_5	20	376.4	1250	-0.699	0.699	30.635
19033	FHA_01_000146_5+FHA_01_031461_5	21	180.4	991	-0.818	0.818	33.494
19033	FHA_01_000146_5+FHA_01_031461_5	22	133.6	754	-0.823	0.823	29.45
19033	FHA_01_000146_5+FHA_01_031461_5	23	64.4	494	-0.87	0.87	25.71
19033	FHA_01_000146_5+FHA_01_031461_5	24	45.2	337	-0.866	0.866	21.108
19034	FHA_01_021461_1	1	12.4	42	-0.705	0.705	5.676
19034	FHA_01_021461_1	2	1.6	22	-0.927	0.927	5.939
19034	FHA_01_021461_1	3	7.6	14	-0.457	0.457	1.947
19034	FHA_01_021461_1	4	39.6	23	0.722	0.419	2.967
19034	FHA_01_021461_1	5	23.6	60	-0.607	0.607	5.63
19034	FHA_01_021461_1	6	71.2	161	-0.558	0.558	8.334
19034	FHA_01_021461_1	7	295.2	468	-0.369	0.369	8.846
19034	FHA_01_021461_1	8	956.8	781	0.225	0.184	5.964
19034	FHA_01_021461_1	9	1194	598	0.997	0.499	19.911
19034	FHA_01_021461_1	10	868.4	570	0.524	0.344	11.127
19034	FHA_01_021461_1	11	510.4	675	-0.244	0.244	6.761
19034	FHA_01_021461_1	12	413.2	824	-0.499	0.499	16.517
19034	FHA_01_021461_1	13	436.8	924	-0.527	0.527	18.678
19034	FHA_01_021461_1	14	437.6	973	-0.55	0.55	20.16
19034	FHA_01_021461_1	15	388	961	-0.596	0.596	22.063
19034	FHA_01_021461_1	16	399.2	933	-0.572	0.572	20.683
19034	FHA_01_021461_1	17	347.6	902	-0.615	0.615	22.18
19034	FHA_01_021461_1	18	429.2	922	-0.534	0.534	18.959
19034	FHA_01_021461_1	19	352.4	836	-0.578	0.578	19.839
19034	FHA_01_021461_1	20	305.2	672	-0.546	0.546	16.594
19034	FHA_01_021461_1	21	261.6	475	-0.449	0.449	11.12
19034	FHA_01_021461_1	22	144.4	299	-0.517	0.517	10.383
19034	FHA_01_021461_1	23	140.8	188	-0.251	0.251	3.681
19034	FHA_01_021461_1	24	57.6	99	-0.418	0.418	4.679
19043	FHA_01_001465_5	1	4.4	43	-0.898	0.898	7.929
19043	FHA_01_001465_5	2	10	21	-0.524	0.524	2.794
19043	FHA_01_001465_5	3	6.8	19	-0.642	0.642	3.397
19043	FHA_01_001465_5	4	42.8	28	0.529	0.346	2.487
19043	FHA_01_001465_5	5	65.6	75	-0.125	0.125	1.121
19043	FHA_01_001465_5	6	100.8	208	-0.515	0.515	8.627
19043	FHA_01_001465_5	7	224.8	319	-0.295	0.295	5.713
19043	FHA_01_001465_5	8	790.8	616	0.284	0.221	6.591
19043	FHA_01_001465_5	9	859.2	475	0.809	0.447	14.875
19043	FHA_01_001465_5	10	895.6	400	1.239	0.553	19.472
19043	FHA_01_001465_5	11	704	425	0.656	0.396	11.743
19043	FHA_01_001465_5	12	596.4	526	0.134	0.118	2.972
19043	FHA_01_001465_5	13	486	622	-0.219	0.219	5.778
19043	FHA_01_001465_5	14	602.8	666	-0.095	0.095	2.509
19043	FHA_01_001465_5	15	592	722	-0.18	0.18	5.072
19043	FHA_01_001465_5	16	531.2	844	-0.371	0.371	11.929
19043	FHA_01_001465_5	17	641.2	1028	-0.376	0.376	13.389
19043	FHA_01_001465_5	18	581.6	1069	-0.456	0.456	16.966
19043	FHA_01_001465_5	19	485.2	757	-0.359	0.359	10.906
19043	FHA_01_001465_5	20	375.6	587	-0.36	0.36	9.636
19043	FHA_01_001465_5	21	179.6	426	-0.578	0.578	14.16
19043	FHA_01_001465_5	22	133.6	278	-0.519	0.519	10.066
19043	FHA_01_001465_5	23	64.8	153	-0.576	0.576	8.452
19043	FHA_01_001465_5	24	44.8	97	-0.538	0.538	6.199
193953	FHA_01_001461_1	1	12.4	42	-0.705	0.705	5.676
193953	FHA_01_001461_1	2	1.6	22	-0.927	0.927	5.939
193953	FHA_01_001461_1	3	7.6	14	-0.457	0.457	1.947
193953	FHA_01_001461_1	4	39.6	23	0.722	0.419	2.967
193953	FHA_01_001461_1	5	23.6	60	-0.607	0.607	5.63
193953	FHA_01_001461_1	6	71.2	161	-0.558	0.558	8.334
193953	FHA_01_001461_1	7	296	468	-0.368	0.368	8.8
193953	FHA_01_001461_1	8	960.4	781	0.23	0.187	6.08
193953	FHA_01_001461_1	9	1195.2	598	0.999	0.5	19.944
193953	FHA_01_001461_1	10	864.8	570	0.517	0.341	11.006
193953	FHA_01_001461_1	11	509.6	675	-0.245	0.245	6.796
193953	FHA_01_001461_1	12	413.6	824	-0.498	0.498	16.498
193953	FHA_01_001461_1	13	436.8	924	-0.527	0.527	18.678
193953	FHA_01_001461_1	14	436.8	973	-0.551	0.551	20.196
193953	FHA_01_001461_1	15	387.6	961	-0.597	0.597	22.082
193953	FHA_01_001461_1	16	399.6	933	-0.572	0.572	20.664
193953	FHA_01_001461_1	17	347.6	902	-0.615	0.615	22.18
193953	FHA_01_001461_1	18	430.4	922	-0.533	0.533	18.905
193953	FHA_01_001461_1	19	351.2	836	-0.58	0.58	19.898
193953	FHA_01_001461_1	20	305.6	672	-0.545	0.545	16.573
193953	FHA_01_001461_1	21	261.6	475	-0.449	0.449	11.12
193953	FHA_01_001461_1	22	143.2	299	-0.521	0.521	10.478
193953	FHA_01_001461_1	23	140.8	188	-0.251	0.251	3.681
193953	FHA_01_001461_1	24	57.6	99	-0.418	0.418	4.679
194566	FHA_01_000146_1+FHA_01_020146_1	1	90.4	160	-0.435	0.435	6.22
194566	FHA_01_000146_1+FHA_01_020146_1	2	44	134	-0.672	0.672	9.54
194566	FHA_01_000146_1+FHA_01_020146_1	3	31.6	136	-0.768	0.768	11.405
194566	FHA_01_000146_1+FHA_01_020146_1	4	176.4	180	-0.02	0.02	0.27
194566	FHA_01_000146_1+FHA_01_020146_1	5	138.4	314	-0.559	0.559	11.676
194566	FHA_01_000146_1+FHA_01_020146_1	6	324	762	-0.575	0.575	18.796
194566	FHA_01_000146_1+FHA_01_020146_1	7	987.6	1596	-0.381	0.381	16.927
194566	FHA_01_000146_1+FHA_01_020146_1	8	2421.6	2663	-0.091	0.091	4.788
194566	FHA_01_000146_1+FHA_01_020146_1	9	1818.8	2248	-0.191	0.191	9.518
194566	FHA_01_000146_1+FHA_01_020146_1	10	1271.2	1741	-0.27	0.27	12.106
194566	FHA_01_000146_1+FHA_01_020146_1	11	1045.2	1613	-0.352	0.352	15.575
194566	FHA_01_000146_1+FHA_01_020146_1	12	910.8	1624	-0.439	0.439	20.033
194566	FHA_01_000146_1+FHA_01_020146_1	13	988.4	1679	-0.411	0.411	18.91
194566	FHA_01_000146_1+FHA_01_020146_1	14	1216.4	1682	-0.277	0.277	12.231
194566	FHA_01_000146_1+FHA_01_020146_1	15	1342.4	1778	-0.245	0.245	11.028
194566	FHA_01_000146_1+FHA_01_020146_1	16	1313.2	2012	-0.347	0.347	17.138
194566	FHA_01_000146_1+FHA_01_020146_1	17	1511.2	2150	-0.297	0.297	14.93
194566	FHA_01_000146_1+FHA_01_020146_1	18	1322.8	2152	-0.385	0.385	19.893
194566	FHA_01_000146_1+FHA_01_020146_1	19	1500.8	1634	-0.082	0.082	3.364
194566	FHA_01_000146_1+FHA_01_020146_1	20	1111.2	1077	0.032	0.031	1.034
194566	FHA_01_000146_1+FHA_01_020146_1	21	826.4	794	0.041	0.039	1.138
194566	FHA_01_000146_1+FHA_01_020146_1	22	577.2	629	-0.082	0.082	2.109
194566	FHA_01_000146_1+FHA_01_020146_1	23	378.8	405	-0.065	0.065	1.323
194566	FHA_01_000146_1+FHA_01_020146_1	24	289.2	287	0.008	0.008	0.13
198390	FHA_01_021401_3	1	32.8	60	-0.453	0.453	3.993
198390	FHA_01_021401_3	2	27.2	34	-0.2	0.2	1.229
198390	FHA_01_021401_3	3	5.6	25	-0.776	0.776	4.96
198390	FHA_01_021401_3	4	115.2	34	2.388	0.705	9.401
198390	FHA_01_021401_3	5	48.8	85	-0.426	0.426	4.426
198390	FHA_01_021401_3	6	202.8	221	-0.082	0.082	1.25
198390	FHA_01_021401_3	7	415.6	489	-0.15	0.15	3.451
198390	FHA_01_021401_3	8	1482.4	984	0.507	0.336	14.193
198390	FHA_01_021401_3	9	1537.6	687	1.238	0.553	25.504
198390	FHA_01_021401_3	10	1488.8	614	1.425	0.588	26.979
198390	FHA_01_021401_3	11	1376.8	583	1.362	0.577	25.358
198390	FHA_01_021401_3	12	1192	624	0.91	0.477	18.85
198390	FHA_01_021401_3	13	843.2	700	0.205	0.17	5.155
198390	FHA_01_021401_3	14	722	720	0.003	0.003	0.074
198390	FHA_01_021401_3	15	658.8	726	-0.093	0.093	2.554
198390	FHA_01_021401_3	16	632.4	709	-0.108	0.108	2.958
198390	FHA_01_021401_3	17	593.6	708	-0.162	0.162	4.484
198390	FHA_01_021401_3	18	613.2	748	-0.18	0.18	5.167
198390	FHA_01_021401_3	19	540.8	663	-0.184	0.184	4.981
198390	FHA_01_021401_3	20	380.4	524	-0.274	0.274	6.753
198390	FHA_01_021401_3	21	199.2	418	-0.523	0.523	12.455
198390	FHA_01_021401_3	22	169.2	322	-0.475	0.475	9.75
198390	FHA_01_021401_3	23	114	195	-0.415	0.415	6.517
198390	FHA_01_021401_3	24	77.2	127	-0.392	0.392	4.929
202744	FHA_01_000717_1	1	206.4	339	-0.391	0.391	8.03
202744	FHA_01_000717_1	2	75.6	260	-0.709	0.709	14.235
202744	FHA_01_000717_1	3	52.8	250	-0.789	0.789	16.027
202744	FHA_01_000717_1	4	327.2	321	0.019	0.019	0.344
202744	FHA_01_000717_1	5	247.2	545	-0.546	0.546	14.963
202744	FHA_01_000717_1	6	497.6	1360	-0.634	0.634	28.297
202744	FHA_01_000717_1	7	1405.2	3171	-0.557	0.557	36.915
202744	FHA_01_000717_1	8	3554.4	5078	-0.3	0.3	23.191
202744	FHA_01_000717_1	9	3528.8	4492	-0.214	0.214	15.21
202744	FHA_01_000717_1	10	3053.6	3517	-0.132	0.132	8.085
202744	FHA_01_000717_1	11	2824.8	3253	-0.132	0.132	7.768
202744	FHA_01_000717_1	12	2420.4	3407	-0.29	0.29	18.278
202744	FHA_01_000717_1	13	2373.2	3567	-0.335	0.335	21.905
202744	FHA_01_000717_1	14	2460.8	3736	-0.341	0.341	22.909
202744	FHA_01_000717_1	15	2679.2	4009	-0.332	0.332	22.996
202744	FHA_01_000717_1	16	2716	4415	-0.385	0.385	28.453
202744	FHA_01_000717_1	17	2846.4	4678	-0.392	0.392	29.861
202744	FHA_01_000717_1	18	2642	4417	-0.402	0.402	29.877
202744	FHA_01_000717_1	19	2554.4	3336	-0.234	0.234	14.402
202744	FHA_01_000717_1	20	1939.6	2366	-0.18	0.18	9.19
202744	FHA_01_000717_1	21	1648.8	1845	-0.106	0.106	4.694
202744	FHA_01_000717_1	22	1204.4	1366	-0.118	0.118	4.508
202744	FHA_01_000717_1	23	958.8	898	0.068	0.063	1.995
202744	FHA_01_000717_1	24	629.2	615	0.023	0.023	0.569
203597	FHA_01_021384_5	1	104.4	56	0.864	0.464	5.405
203597	FHA_01_021384_5	2	72.4	48	0.508	0.337	3.145
203597	FHA_01_021384_5	3	62.4	45	0.387	0.279	2.374
203597	FHA_01_021384_5	4	213.6	68	2.141	0.682	12.27
203597	FHA_01_021384_5	5	183.2	127	0.443	0.307	4.513
203597	FHA_01_021384_5	6	306.8	292	0.051	0.048	0.855
203597	FHA_01_021384_5	7	691.2	634	0.09	0.083	2.222
203597	FHA_01_021384_5	8	1477.2	1009	0.464	0.317	13.279
203597	FHA_01_021384_5	9	1701.2	805	1.113	0.527	25.317
203597	FHA_01_021384_5	10	1674.4	680	1.462	0.594	28.983
203597	FHA_01_021384_5	11	1355.6	647	1.095	0.523	22.393
203597	FHA_01_021384_5	12	1187.6	739	0.607	0.378	14.454
203597	FHA_01_021384_5	13	978	828	0.181	0.153	4.992
203597	FHA_01_021384_5	14	1085.2	890	0.219	0.18	6.211
203597	FHA_01_021384_5	15	1142	951	0.201	0.167	5.904
203597	FHA_01_021384_5	16	1320	1047	0.261	0.207	7.936
203597	FHA_01_021384_5	17	1385.2	1161	0.193	0.162	6.284
203597	FHA_01_021384_5	18	1330	1107	0.201	0.168	6.388
203597	FHA_01_021384_5	19	1177.2	860	0.369	0.269	9.939
203597	FHA_01_021384_5	20	994.4	603	0.649	0.394	13.849
203597	FHA_01_021384_5	21	595.6	445	0.338	0.253	6.602
203597	FHA_01_021384_5	22	450	304	0.48	0.324	7.519
203597	FHA_01_021384_5	23	330	178	0.854	0.461	9.537
203597	FHA_01_021384_5	24	262.4	117	1.243	0.554	10.557
203612	FHA_01_021382_1	1	90	40	1.25	0.556	6.202
203612	FHA_01_021382_1	2	46.4	24	0.933	0.483	3.776
203612	FHA_01_021382_1	3	32	24	0.333	0.25	1.512
203612	FHA_01_021382_1	4	138.4	30	3.613	0.783	11.813
203612	FHA_01_021382_1	5	106	66	0.606	0.377	4.313
203612	FHA_01_021382_1	6	231.6	157	0.475	0.322	5.352
203612	FHA_01_021382_1	7	685.2	417	0.643	0.391	11.425
203612	FHA_01_021382_1	8	2560.4	761	2.365	0.703	44.155
203612	FHA_01_021382_1	9	2632.8	695	2.788	0.736	47.506
203612	FHA_01_021382_1	10	2078.8	587	2.541	0.718	40.861
203612	FHA_01_021382_1	11	1720	574	1.997	0.666	33.838
203612	FHA_01_021382_1	12	1336.8	619	1.16	0.537	22.954
203612	FHA_01_021382_1	13	1332.8	632	1.109	0.526	22.359
203612	FHA_01_021382_1	14	1456.8	656	1.221	0.55	24.638
203612	FHA_01_021382_1	15	1600.8	688	1.327	0.57	26.983
203612	FHA_01_021382_1	16	1640	702	1.336	0.572	27.411
203612	FHA_01_021382_1	17	1706.8	619	1.757	0.637	31.899
203612	FHA_01_021382_1	18	1519.2	608	1.499	0.6	27.94
203612	FHA_01_021382_1	19	1576.4	536	1.941	0.66	32.013
203612	FHA_01_021382_1	20	1107.6	404	1.742	0.635	25.593
203612	FHA_01_021382_1	21	922.4	338	1.729	0.634	23.279
203612	FHA_01_021382_1	22	609.2	251	1.427	0.588	17.272
203612	FHA_01_021382_1	23	498.4	163	2.058	0.673	18.444
203612	FHA_01_021382_1	24	310	93	2.333	0.7	15.287
203620	FHA_01_031381_1	1	13.6	73	-0.814	0.814	9.027
203620	FHA_01_031381_1	2	4	52	-0.923	0.923	9.071
203620	FHA_01_031381_1	3	4	51	-0.922	0.922	8.963
203620	FHA_01_031381_1	4	47.6	82	-0.42	0.42	4.273
203620	FHA_01_031381_1	5	17.6	165	-0.893	0.893	15.426
203620	FHA_01_031381_1	6	63.2	488	-0.87	0.87	25.589
203620	FHA_01_031381_1	7	214	1233	-0.826	0.826	37.884
203620	FHA_01_031381_1	8	261.6	1571	-0.833	0.833	43.257
203620	FHA_01_031381_1	9	218.8	1312	-0.833	0.833	39.514
203620	FHA_01_031381_1	10	251.2	1086	-0.769	0.769	32.285
203620	FHA_01_031381_1	11	175.6	960	-0.817	0.817	32.918
203620	FHA_01_031381_1	12	189.6	968	-0.804	0.804	32.355
203620	FHA_01_031381_1	13	166.4	984	-0.831	0.831	34.09
203620	FHA_01_031381_1	14	274.4	1035	-0.735	0.735	29.726
203620	FHA_01_031381_1	15	306	1110	-0.724	0.724	30.216
203620	FHA_01_031381_1	16	273.6	1195	-0.771	0.771	34.003
203620	FHA_01_031381_1	17	322.4	1287	-0.749	0.749	34.004
203620	FHA_01_031381_1	18	290	1162	-0.75	0.75	32.363
203620	FHA_01_031381_1	19	242.8	829	-0.707	0.707	25.322
203620	FHA_01_031381_1	20	178	551	-0.677	0.677	19.537
203620	FHA_01_031381_1	21	192.8	422	-0.543	0.543	13.073
203620	FHA_01_031381_1	22	164	327	-0.498	0.498	10.403
203620	FHA_01_031381_1	23	132.4	237	-0.441	0.441	7.697
203620	FHA_01_031381_1	24	73.6	162	-0.546	0.546	8.145
203621	FHA_01_021383_1	1	42.8	95	-0.549	0.549	6.289
203621	FHA_01_021383_1	2	13.6	55	-0.753	0.753	7.069
203621	FHA_01_021383_1	3	9.6	48	-0.8	0.8	7.155
203621	FHA_01_021383_1	4	98	49	1	0.5	5.715
203621	FHA_01_021383_1	5	94	118	-0.203	0.203	2.331
203621	FHA_01_021383_1	6	153.2	314	-0.512	0.512	10.521
203621	FHA_01_021383_1	7	383.6	553	-0.306	0.306	7.828
203621	FHA_01_021383_1	8	1723.2	1064	0.62	0.383	17.658
203621	FHA_01_021383_1	9	1872	1015	0.844	0.458	22.557
203621	FHA_01_021383_1	10	1775.6	904	0.964	0.491	23.812
203621	FHA_01_021383_1	11	1550.8	997	0.555	0.357	15.516
203621	FHA_01_021383_1	12	1170.8	1131	0.035	0.034	1.173
203621	FHA_01_021383_1	13	1033.6	1218	-0.151	0.151	5.496
203621	FHA_01_021383_1	14	928.4	1251	-0.258	0.258	9.773
203621	FHA_01_021383_1	15	916	1374	-0.333	0.333	13.535
203621	FHA_01_021383_1	16	926.8	1551	-0.402	0.402	17.734
203621	FHA_01_021383_1	17	901.2	1612	-0.441	0.441	20.052
203621	FHA_01_021383_1	18	944	1565	-0.397	0.397	17.533
203621	FHA_01_021383_1	19	898.4	1234	-0.272	0.272	10.278
203621	FHA_01_021383_1	20	630	905	-0.304	0.304	9.926
203621	FHA_01_021383_1	21	375.2	644	-0.417	0.417	11.907
203621	FHA_01_021383_1	22	306	479	-0.361	0.361	8.732
203621	FHA_01_021383_1	23	211.6	318	-0.335	0.335	6.539
203621	FHA_01_021383_1	24	147.2	205	-0.282	0.282	4.356
203622	FHA_01_031383_5	1	42.8	36	0.189	0.159	1.083
203622	FHA_01_031383_5	2	13.6	24	-0.433	0.433	2.399
203622	FHA_01_031383_5	3	9.6	20	-0.52	0.52	2.703
203622	FHA_01_031383_5	4	96	24	3	0.75	9.295
203622	FHA_01_031383_5	5	96	55	0.745	0.427	4.719
203622	FHA_01_031383_5	6	152.4	148	0.03	0.029	0.359
203622	FHA_01_031383_5	7	380.4	380	0.001	0.001	0.021
203622	FHA_01_031383_5	8	1718.4	779	1.206	0.547	26.584
203622	FHA_01_031383_5	9	1872	646	1.898	0.655	34.552
203622	FHA_01_031383_5	10	1772	510	2.475	0.712	37.361
203622	FHA_01_031383_5	11	1556.8	450	2.46	0.711	34.941
203622	FHA_01_031383_5	12	1174.8	489	1.402	0.584	23.777
203622	FHA_01_031383_5	13	1033.2	533	0.938	0.484	17.875
203622	FHA_01_031383_5	14	930.4	551	0.689	0.408	13.94
203622	FHA_01_031383_5	15	913.6	603	0.515	0.34	11.279
203622	FHA_01_031383_5	16	928.4	701	0.324	0.245	7.967
203622	FHA_01_031383_5	17	900.8	692	0.302	0.232	7.399
203622	FHA_01_031383_5	18	944	641	0.473	0.321	10.763
203622	FHA_01_031383_5	19	896.4	472	0.899	0.473	16.225
203622	FHA_01_031383_5	20	632	326	0.939	0.484	13.981
203622	FHA_01_031383_5	21	375.6	270	0.391	0.281	5.878
203622	FHA_01_031383_5	22	307.2	183	0.679	0.404	7.933
203622	FHA_01_031383_5	23	212	115	0.843	0.458	7.586
203622	FHA_01_031383_5	24	147.2	69	1.133	0.531	7.521
203923	FHA_01_031384_1	1	205.6	86	1.391	0.582	9.905
203923	FHA_01_031384_1	2	93.2	50	0.864	0.464	5.105
203923	FHA_01_031384_1	3	24.8	51	-0.514	0.514	4.256
203923	FHA_01_031384_1	4	457.6	80	4.72	0.825	23.031
203923	FHA_01_031384_1	5	237.6	179	0.327	0.247	4.06
203923	FHA_01_031384_1	6	625.2	544	0.149	0.13	3.358
203923	FHA_01_031384_1	7	1752.4	1171	0.496	0.332	15.207
203923	FHA_01_031384_1	8	4434.4	1289	2.44	0.709	58.798
203923	FHA_01_031384_1	9	3647.6	1066	2.422	0.708	53.177
203923	FHA_01_031384_1	10	3235.2	1101	1.938	0.66	45.835
203923	FHA_01_031384_1	11	2832.8	1076	1.633	0.62	39.739
203923	FHA_01_031384_1	12	2480.8	1110	1.235	0.553	32.351
203923	FHA_01_031384_1	13	2299.2	1231	0.868	0.465	25.425
203923	FHA_01_031384_1	14	1961.2	1272	0.542	0.351	17.141
203923	FHA_01_031384_1	15	2020	1287	0.57	0.363	18.026
203923	FHA_01_031384_1	16	1981.6	1277	0.552	0.356	17.456
203923	FHA_01_031384_1	17	1994	1251	0.594	0.373	18.446
203923	FHA_01_031384_1	18	1924.8	1260	0.528	0.345	16.66
203923	FHA_01_031384_1	19	1769.6	1116	0.586	0.369	17.207
203923	FHA_01_031384_1	20	1401.6	851	0.647	0.393	16.406
203923	FHA_01_031384_1	21	1051.6	628	0.675	0.403	14.617
203923	FHA_01_031384_1	22	779.6	529	0.474	0.321	9.797
203923	FHA_01_031384_1	23	636	334	0.904	0.475	13.713
203923	FHA_01_031384_1	24	467.6	187	1.501	0.6	15.51
203935	FHA_01_021381-p2_5	1	205.6	48	3.283	0.767	13.996
203935	FHA_01_021381-p2_5	2	93.2	34	1.741	0.635	7.423
203935	FHA_01_021381-p2_5	3	24.8	32	-0.225	0.225	1.351
203935	FHA_01_021381-p2_5	4	462	48	8.625	0.896	25.926
203935	FHA_01_021381-p2_5	5	235.6	113	1.085	0.52	9.286
203935	FHA_01_021381-p2_5	6	624	277	1.253	0.556	16.349
203935	FHA_01_021381-p2_5	7	1773.6	497	2.569	0.72	37.888
203935	FHA_01_021381-p2_5	8	4462	682	5.543	0.847	74.534
203935	FHA_01_021381-p2_5	9	3707.6	584	5.349	0.842	67.431
203935	FHA_01_021381-p2_5	10	3247.6	536	5.059	0.835	62.343
203935	FHA_01_021381-p2_5	11	2818	530	4.317	0.812	55.921
203935	FHA_01_021381-p2_5	12	2412.8	570	3.233	0.764	47.718
203935	FHA_01_021381-p2_5	13	2271.2	565	3.02	0.751	45.308
203935	FHA_01_021381-p2_5	14	1958.8	573	2.418	0.707	38.949
203935	FHA_01_021381-p2_5	15	2020.4	610	2.312	0.698	38.891
203935	FHA_01_021381-p2_5	16	1982.4	725	1.734	0.634	34.175
203935	FHA_01_021381-p2_5	17	1994	807	1.471	0.595	31.718
203935	FHA_01_021381-p2_5	18	1926.4	785	1.454	0.593	31
203935	FHA_01_021381-p2_5	19	1769.2	555	2.188	0.686	35.618
203935	FHA_01_021381-p2_5	20	1396.4	380	2.675	0.728	34.104
203935	FHA_01_021381-p2_5	21	1050.4	274	2.834	0.739	30.171
203935	FHA_01_021381-p2_5	22	781.6	201	2.889	0.743	26.194
203935	FHA_01_021381-p2_5	23	632.4	140	3.517	0.779	25.056
203935	FHA_01_021381-p2_5	24	467.6	92	4.083	0.803	22.454
24792	FHA_01_000148_5	1	205.6	187	0.099	0.09	1.328
24792	FHA_01_000148_5	2	90.4	141	-0.359	0.359	4.704
24792	FHA_01_000148_5	3	76.8	125	-0.386	0.386	4.798
24792	FHA_01_000148_5	4	398	167	1.383	0.58	13.744
24792	FHA_01_000148_5	5	249.2	311	-0.199	0.199	3.693
24792	FHA_01_000148_5	6	557.6	646	-0.137	0.137	3.604
24792	FHA_01_000148_5	7	1527.6	1367	0.117	0.105	4.221
24792	FHA_01_000148_5	8	3235.2	2226	0.453	0.312	19.313
24792	FHA_01_000148_5	9	3231.6	2009	0.609	0.378	23.884
24792	FHA_01_000148_5	10	2849.2	1577	0.807	0.447	27.043
24792	FHA_01_000148_5	11	2434	1607	0.515	0.34	18.398
24792	FHA_01_000148_5	12	2118	1668	0.27	0.212	10.343
24792	FHA_01_000148_5	13	2007.2	1759	0.141	0.124	5.72
24792	FHA_01_000148_5	14	2136	1824	0.171	0.146	7.012
24792	FHA_01_000148_5	15	2221.6	1986	0.119	0.106	5.137
24792	FHA_01_000148_5	16	2582.4	2064	0.251	0.201	10.755
24792	FHA_01_000148_5	17	2667.6	1972	0.353	0.261	14.442
24792	FHA_01_000148_5	18	2649.2	1922	0.378	0.274	15.211
24792	FHA_01_000148_5	19	2539.6	1575	0.612	0.38	21.267
24792	FHA_01_000148_5	20	2117.6	1186	0.785	0.44	22.922
24792	FHA_01_000148_5	21	1446	973	0.486	0.327	13.601
24792	FHA_01_000148_5	22	1172.4	758	0.547	0.353	13.339
24792	FHA_01_000148_5	23	915.6	509	0.799	0.444	15.235
24792	FHA_01_000148_5	24	632	336	0.881	0.468	13.455
26653	FHA_01_000148_1	1	189.6	341	-0.444	0.444	9.295
26653	FHA_01_000148_1	2	76.8	257	-0.701	0.701	13.948
26653	FHA_01_000148_1	3	50.8	248	-0.795	0.795	16.134
26653	FHA_01_000148_1	4	318.8	320	-0.004	0.004	0.067
26653	FHA_01_000148_1	5	248	536	-0.537	0.537	14.546
26653	FHA_01_000148_1	6	485.6	1303	-0.627	0.627	27.333
26653	FHA_01_000148_1	7	1394.8	2995	-0.534	0.534	34.156
26653	FHA_01_000148_1	8	3563.2	4649	-0.234	0.234	16.945
26653	FHA_01_000148_1	9	3578.8	4120	-0.131	0.131	8.723
26653	FHA_01_000148_1	10	3038.4	3272	-0.071	0.071	4.159
26653	FHA_01_000148_1	11	2783.6	3072	-0.094	0.094	5.33
26653	FHA_01_000148_1	12	2358.4	3247	-0.274	0.274	16.785
26653	FHA_01_000148_1	13	2312.4	3351	-0.31	0.31	19.518
26653	FHA_01_000148_1	14	2349.2	3493	-0.327	0.327	21.163
26653	FHA_01_000148_1	15	2510.4	3796	-0.339	0.339	22.894
26653	FHA_01_000148_1	16	2577.6	4161	-0.381	0.381	27.279
26653	FHA_01_000148_1	17	2755.2	4411	-0.375	0.375	27.662
26653	FHA_01_000148_1	18	2566.8	4066	-0.369	0.369	26.033
26653	FHA_01_000148_1	19	2526.4	3066	-0.176	0.176	10.204
26653	FHA_01_000148_1	20	1947.6	2187	-0.109	0.109	5.265
26653	FHA_01_000148_1	21	1637.6	1781	-0.081	0.081	3.468
26653	FHA_01_000148_1	22	1175.6	1305	-0.099	0.099	3.674
26653	FHA_01_000148_1	23	942.4	855	0.102	0.093	2.915
26653	FHA_01_000148_1	24	630.4	585	0.078	0.072	1.842
30246	FHA_01_001383_5	1	13.6	130	-0.895	0.895	13.737
30246	FHA_01_001383_5	2	4	79	-0.949	0.949	11.642
30246	FHA_01_001383_5	3	4	68	-0.941	0.941	10.667
30246	FHA_01_001383_5	4	48.8	73	-0.332	0.332	3.101
30246	FHA_01_001383_5	5	16.4	174	-0.906	0.906	16.152
30246	FHA_01_001383_5	6	63.6	462	-0.862	0.862	24.576
30246	FHA_01_001383_5	7	216.4	934	-0.768	0.768	29.921
30246	FHA_01_001383_5	8	262.4	1843	-0.858	0.858	48.716
30246	FHA_01_001383_5	9	220	1661	-0.868	0.868	46.988
30246	FHA_01_001383_5	10	251.2	1414	-0.822	0.822	40.298
30246	FHA_01_001383_5	11	171.2	1447	-0.882	0.882	44.852
30246	FHA_01_001383_5	12	190.8	1620	-0.882	0.882	47.498
30246	FHA_01_001383_5	13	166.8	1751	-0.905	0.905	51.159
30246	FHA_01_001383_5	14	275.6	1802	-0.847	0.847	47.359
30246	FHA_01_001383_5	15	304.8	1977	-0.846	0.846	49.507
30246	FHA_01_001383_5	16	273.6	2253	-0.879	0.879	55.69
30246	FHA_01_001383_5	17	323.2	2303	-0.86	0.86	54.635
30246	FHA_01_001383_5	18	287.2	2206	-0.87	0.87	54.346
30246	FHA_01_001383_5	19	244.4	1707	-0.857	0.857	46.824
30246	FHA_01_001383_5	20	178.8	1231	-0.855	0.855	39.631
30246	FHA_01_001383_5	21	192	914	-0.79	0.79	30.703
30246	FHA_01_001383_5	22	163.2	662	-0.753	0.753	24.556
30246	FHA_01_001383_5	23	132.8	433	-0.693	0.693	17.848
30246	FHA_01_001383_5	24	72.8	274	-0.734	0.734	15.279
48269	FHA_01_000701_3	1	42.4	61	-0.305	0.305	2.587
48269	FHA_01_000701_3	2	36	52	-0.308	0.308	2.412
48269	FHA_01_000701_3	3	68	42	0.619	0.382	3.506
48269	FHA_01_000701_3	4	66.8	49	0.363	0.266	2.339
48269	FHA_01_000701_3	5	40	117	-0.658	0.658	8.691
48269	FHA_01_000701_3	6	106	326	-0.675	0.675	14.969
48269	FHA_01_000701_3	7	219.2	518	-0.577	0.577	15.563
48269	FHA_01_000701_3	8	704	720	-0.022	0.022	0.6
48269	FHA_01_000701_3	9	942	617	0.527	0.345	11.641
48269	FHA_01_000701_3	10	811.2	672	0.207	0.172	5.112
48269	FHA_01_000701_3	11	666.8	588	0.134	0.118	3.146
48269	FHA_01_000701_3	12	656	607	0.081	0.075	1.95
48269	FHA_01_000701_3	13	742.8	643	0.155	0.134	3.791
48269	FHA_01_000701_3	14	820	696	0.178	0.151	4.504
48269	FHA_01_000701_3	15	926	807	0.147	0.129	4.043
48269	FHA_01_000701_3	16	1188.8	866	0.373	0.272	10.071
48269	FHA_01_000701_3	17	1325.6	954	0.39	0.28	11.007
48269	FHA_01_000701_3	18	1388.4	878	0.581	0.368	15.162
48269	FHA_01_000701_3	19	1333.2	662	1.014	0.503	21.251
48269	FHA_01_000701_3	20	1320	472	1.797	0.642	28.33
48269	FHA_01_000701_3	21	991.2	343	1.89	0.654	25.097
48269	FHA_01_000701_3	22	826.8	263	2.144	0.682	24.153
48269	FHA_01_000701_3	23	560.8	181	2.098	0.677	19.721
48269	FHA_01_000701_3	24	475.2	122	2.895	0.743	20.44
57301	FHA_01_000114_5	1	31.2	266	-0.883	0.883	19.261
57301	FHA_01_000114_5	2	51.2	200	-0.744	0.744	13.277
57301	FHA_01_000114_5	3	27.2	192	-0.858	0.858	15.742
57301	FHA_01_000114_5	4	72.4	267	-0.729	0.729	14.938
57301	FHA_01_000114_5	5	78	514	-0.848	0.848	25.342
57301	FHA_01_000114_5	6	157.6	1192	-0.868	0.868	39.82
57301	FHA_01_000114_5	7	318.8	1559	-0.796	0.796	40.475
57301	FHA_01_000114_5	8	1282.8	2294	-0.441	0.441	23.911
57301	FHA_01_000114_5	9	1510.4	1852	-0.184	0.184	8.331
57301	FHA_01_000114_5	10	1214.8	1528	-0.205	0.205	8.457
57301	FHA_01_000114_5	11	903.6	1490	-0.394	0.394	16.951
57301	FHA_01_000114_5	12	789.6	1558	-0.493	0.493	22.428
57301	FHA_01_000114_5	13	690.4	1676	-0.588	0.588	28.653
57301	FHA_01_000114_5	14	897.2	1793	-0.5	0.5	24.425
57301	FHA_01_000114_5	15	858.4	1912	-0.551	0.551	28.309
57301	FHA_01_000114_5	16	964.8	2129	-0.547	0.547	29.6
57301	FHA_01_000114_5	17	951.2	2261	-0.579	0.579	32.683
57301	FHA_01_000114_5	18	1105.6	2252	-0.509	0.509	27.979
57301	FHA_01_000114_5	19	1074	1779	-0.396	0.396	18.666
57301	FHA_01_000114_5	20	789.6	1354	-0.417	0.417	17.24
57301	FHA_01_000114_5	21	448.8	1116	-0.598	0.598	23.853
57301	FHA_01_000114_5	22	272.4	883	-0.692	0.692	25.404
57301	FHA_01_000114_5	23	212	585	-0.638	0.638	18.685
57301	FHA_01_000114_5	24	143.6	410	-0.65	0.65	16.012
62312	FHA_01_000129_1	1	62.8	170	-0.631	0.631	9.936
62312	FHA_01_000129_1	2	26.8	146	-0.816	0.816	12.824
62312	FHA_01_000129_1	3	24.8	114	-0.782	0.782	10.707
62312	FHA_01_000129_1	4	144	139	0.036	0.035	0.42
62312	FHA_01_000129_1	5	137.2	253	-0.458	0.458	8.29
62312	FHA_01_000129_1	6	336.4	553	-0.392	0.392	10.271
62312	FHA_01_000129_1	7	935.6	1151	-0.187	0.187	6.669
62312	FHA_01_000129_1	8	2521.2	1792	0.407	0.289	15.702
62312	FHA_01_000129_1	9	2456	1560	0.574	0.365	19.995
62312	FHA_01_000129_1	10	2284.8	1412	0.618	0.382	20.301
62312	FHA_01_000129_1	11	1844.4	1389	0.328	0.247	11.326
62312	FHA_01_000129_1	12	1852.8	1487	0.246	0.197	8.952
62312	FHA_01_000129_1	13	1675.2	1637	0.023	0.023	0.939
62312	FHA_01_000129_1	14	1951.2	1795	0.087	0.08	3.609
62312	FHA_01_000129_1	15	2136	2070	0.032	0.031	1.439
62312	FHA_01_000129_1	16	2508.4	2297	0.092	0.084	4.313
62312	FHA_01_000129_1	17	2640.8	2461	0.073	0.068	3.56
62312	FHA_01_000129_1	18	2573.6	2293	0.122	0.109	5.688
62312	FHA_01_000129_1	19	2568	1651	0.555	0.357	19.965
62312	FHA_01_000129_1	20	2073.2	1183	0.752	0.429	22.062
62312	FHA_01_000129_1	21	1580.4	947	0.669	0.401	17.818
62312	FHA_01_000129_1	22	1259.6	713	0.767	0.434	17.405
62312	FHA_01_000129_1	23	844.8	484	0.745	0.427	13.998
62312	FHA_01_000129_1	24	567.2	319	0.778	0.438	11.791
62531	FHA_01_000717_5	1	217.2	370	-0.413	0.413	8.918
62531	FHA_01_000717_5	2	92.8	274	-0.661	0.661	13.38
62531	FHA_01_000717_5	3	87.6	243	-0.64	0.64	12.087
62531	FHA_01_000717_5	4	435.2	325	0.339	0.253	5.652
62531	FHA_01_000717_5	5	290.4	627	-0.537	0.537	15.716
62531	FHA_01_000717_5	6	594.8	1314	-0.547	0.547	23.28
62531	FHA_01_000717_5	7	1620.4	2753	-0.411	0.411	24.22
62531	FHA_01_000717_5	8	3322.8	4506	-0.263	0.263	18.911
62531	FHA_01_000717_5	9	3191.6	4138	-0.229	0.229	15.633
62531	FHA_01_000717_5	10	2934	3391	-0.135	0.135	8.126
62531	FHA_01_000717_5	11	2466	3489	-0.293	0.293	18.748
62531	FHA_01_000717_5	12	2180.4	3696	-0.41	0.41	27.96
62531	FHA_01_000717_5	13	2062.4	3841	-0.463	0.463	32.737
62531	FHA_01_000717_5	14	2271.6	3988	-0.43	0.43	30.68
62531	FHA_01_000717_5	15	2406.4	4342	-0.446	0.446	33.322
62531	FHA_01_000717_5	16	2800	4753	-0.411	0.411	31.78
62531	FHA_01_000717_5	17	2884.4	4655	-0.38	0.38	28.838
62531	FHA_01_000717_5	18	2843.2	4489	-0.367	0.367	27.182
62531	FHA_01_000717_5	19	2572.4	3568	-0.279	0.279	17.968
62531	FHA_01_000717_5	20	2176.8	2576	-0.155	0.155	8.189
62531	FHA_01_000717_5	21	1514.4	2077	-0.271	0.271	13.276
62531	FHA_01_000717_5	22	1213.2	1593	-0.238	0.238	10.139
62531	FHA_01_000717_5	23	948.4	1049	-0.096	0.096	3.183
62531	FHA_01_000717_5	24	651.2	679	-0.041	0.041	1.078
62751	FHA_01_000123_1	1	58	141	-0.589	0.589	8.321
62751	FHA_01_000123_1	2	43.6	108	-0.596	0.596	7.397
62751	FHA_01_000123_1	3	22.8	104	-0.781	0.781	10.198
62751	FHA_01_000123_1	4	118.8	200	-0.406	0.406	6.431
62751	FHA_01_000123_1	5	173.2	532	-0.674	0.674	19.108
62751	FHA_01_000123_1	6	320	1131	-0.717	0.717	30.109
62751	FHA_01_000123_1	7	684.4	2245	-0.695	0.695	40.777
62751	FHA_01_000123_1	8	2643.6	3224	-0.18	0.18	10.715
62751	FHA_01_000123_1	9	2634	2626	0.003	0.003	0.156
62751	FHA_01_000123_1	10	2393.6	1889	0.267	0.211	10.905
62751	FHA_01_000123_1	11	1899.6	1762	0.078	0.072	3.216
62751	FHA_01_000123_1	12	1757.6	1811	-0.029	0.029	1.264
62751	FHA_01_000123_1	13	1618.4	1810	-0.106	0.106	4.628
62751	FHA_01_000123_1	14	1928.4	1865	0.034	0.033	1.456
62751	FHA_01_000123_1	15	2036.8	2016	0.01	0.01	0.462
62751	FHA_01_000123_1	16	2230	2185	0.021	0.02	0.958
62751	FHA_01_000123_1	17	2512.4	2312	0.087	0.08	4.08
62751	FHA_01_000123_1	18	2392.8	2139	0.119	0.106	5.332
62751	FHA_01_000123_1	19	2422.4	1579	0.534	0.348	18.856
62751	FHA_01_000123_1	20	1825.6	1172	0.558	0.358	16.883
62751	FHA_01_000123_1	21	1481.6	905	0.637	0.389	16.692
62751	FHA_01_000123_1	22	1165.6	657	0.774	0.436	16.848
62751	FHA_01_000123_1	23	862.8	430	1.007	0.502	17.023
62751	FHA_01_000123_1	24	626	252	1.484	0.597	17.85
62831	FHA_01_000117_1	1	105.6	309	-0.658	0.658	14.127
62831	FHA_01_000117_1	2	59.2	246	-0.759	0.759	15.122
62831	FHA_01_000117_1	3	49.2	228	-0.784	0.784	15.187
62831	FHA_01_000117_1	4	289.6	281	0.031	0.03	0.509
62831	FHA_01_000117_1	5	223.6	429	-0.479	0.479	11.371
62831	FHA_01_000117_1	6	386	963	-0.599	0.599	22.217
62831	FHA_01_000117_1	7	1084.4	2201	-0.507	0.507	27.55
62831	FHA_01_000117_1	8	2870.8	3263	-0.12	0.12	7.082
62831	FHA_01_000117_1	9	2796	2910	-0.039	0.039	2.134
62831	FHA_01_000117_1	10	2466.8	2414	0.022	0.021	1.069
62831	FHA_01_000117_1	11	2309.6	2334	-0.01	0.01	0.506
62831	FHA_01_000117_1	12	2037.6	2470	-0.175	0.175	9.108
62831	FHA_01_000117_1	13	1944.8	2652	-0.267	0.267	14.751
62831	FHA_01_000117_1	14	2045.2	2919	-0.299	0.299	17.539
62831	FHA_01_000117_1	15	2290	3289	-0.304	0.304	18.915
62831	FHA_01_000117_1	16	2478.4	3734	-0.336	0.336	22.529
62831	FHA_01_000117_1	17	2613.6	4149	-0.37	0.37	26.405
62831	FHA_01_000117_1	18	2534.8	3730	-0.32	0.32	21.355
62831	FHA_01_000117_1	19	2475.2	2597	-0.047	0.047	2.419
62831	FHA_01_000117_1	20	1906.8	1924	-0.009	0.009	0.393
62831	FHA_01_000117_1	21	1508	1545	-0.024	0.024	0.947
62831	FHA_01_000117_1	22	1110	1176	-0.056	0.056	1.952
62831	FHA_01_000117_1	23	974	807	0.207	0.171	5.596
62831	FHA_01_000117_1	24	660.4	525	0.258	0.205	5.562
66619	FHA_01_000118_1	1	86	304	-0.717	0.717	15.611
66619	FHA_01_000118_1	2	62.8	244	-0.743	0.743	14.63
66619	FHA_01_000118_1	3	35.2	223	-0.842	0.842	16.528
66619	FHA_01_000118_1	4	214.4	278	-0.229	0.229	4.053
66619	FHA_01_000118_1	5	194.8	413	-0.528	0.528	12.517
66619	FHA_01_000118_1	6	358.4	867	-0.587	0.587	20.547
66619	FHA_01_000118_1	7	852.8	1862	-0.542	0.542	27.392
66619	FHA_01_000118_1	8	2536.8	2749	-0.077	0.077	4.128
66619	FHA_01_000118_1	9	2452	2516	-0.025	0.025	1.284
66619	FHA_01_000118_1	10	2173.2	2265	-0.041	0.041	1.949
66619	FHA_01_000118_1	11	1937.6	2225	-0.129	0.129	6.3
66619	FHA_01_000118_1	12	1677.6	2353	-0.287	0.287	15.045
66619	FHA_01_000118_1	13	1609.2	2536	-0.365	0.365	20.358
66619	FHA_01_000118_1	14	1737.2	2802	-0.38	0.38	22.351
66619	FHA_01_000118_1	15	1880.8	3192	-0.411	0.411	26.035
66619	FHA_01_000118_1	16	2139.6	3678	-0.418	0.418	28.524
66619	FHA_01_000118_1	17	2246	4122	-0.455	0.455	33.247
66619	FHA_01_000118_1	18	2266.4	3755	-0.396	0.396	27.13
66619	FHA_01_000118_1	19	2258	2567	-0.12	0.12	6.291
66619	FHA_01_000118_1	20	1740.8	1871	-0.07	0.07	3.064
66619	FHA_01_000118_1	21	1378.8	1498	-0.08	0.08	3.143
66619	FHA_01_000118_1	22	1129.2	1159	-0.026	0.026	0.881
66619	FHA_01_000118_1	23	882	801	0.101	0.092	2.792
66619	FHA_01_000118_1	24	638.4	520	0.228	0.185	4.92
76481	FHA_01_000118_5	1	206	288	-0.285	0.285	5.218
76481	FHA_01_000118_5	2	40.8	240	-0.83	0.83	16.811
76481	FHA_01_000118_5	3	68.8	211	-0.674	0.674	12.022
76481	FHA_01_000118_5	4	383.2	311	0.232	0.188	3.875
76481	FHA_01_000118_5	5	215.2	625	-0.656	0.656	19.994
76481	FHA_01_000118_5	6	455.2	1397	-0.674	0.674	30.948
76481	FHA_01_000118_5	7	1510.8	2985	-0.494	0.494	31.093
76481	FHA_01_000118_5	8	3524	4444	-0.207	0.207	14.576
76481	FHA_01_000118_5	9	3105.2	3742	-0.17	0.17	10.883
76481	FHA_01_000118_5	10	2447.2	2704	-0.095	0.095	5.06
76481	FHA_01_000118_5	11	1958.8	2525	-0.224	0.224	11.958
76481	FHA_01_000118_5	12	1822.8	2471	-0.262	0.262	13.99
76481	FHA_01_000118_5	13	1698	2499	-0.321	0.321	17.485
76481	FHA_01_000118_5	14	1662	2515	-0.339	0.339	18.665
76481	FHA_01_000118_5	15	1732.8	2640	-0.344	0.344	19.402
76481	FHA_01_000118_5	16	1880	3052	-0.384	0.384	23.601
76481	FHA_01_000118_5	17	1867.6	3268	-0.429	0.429	27.636
76481	FHA_01_000118_5	18	1944	2985	-0.349	0.349	20.969
76481	FHA_01_000118_5	19	1884	2107	-0.106	0.106	4.992
76481	FHA_01_000118_5	20	1385.6	1538	-0.099	0.099	3.986
76481	FHA_01_000118_5	21	948	1228	-0.228	0.228	8.489
76481	FHA_01_000118_5	22	738.4	958	-0.229	0.229	7.54
76481	FHA_01_000118_5	23	595.2	660	-0.098	0.098	2.587
76481	FHA_01_000118_5	24	331.6	476	-0.303	0.303	7.186
76614	FHA_01_000122_5	1	186	154	0.208	0.172	2.454
76614	FHA_01_000122_5	2	19.2	119	-0.839	0.839	12.006
76614	FHA_01_000122_5	3	38	115	-0.67	0.67	8.804
76614	FHA_01_000122_5	4	407.2	201	1.026	0.506	11.824
76614	FHA_01_000122_5	5	218	509	-0.572	0.572	15.263
76614	FHA_01_000122_5	6	486.4	1090	-0.554	0.554	21.5
76614	FHA_01_000122_5	7	1685.2	2253	-0.252	0.252	12.796
76614	FHA_01_000122_5	8	3849.6	3420	0.126	0.112	7.126
76614	FHA_01_000122_5	9	3369.2	2803	0.202	0.168	10.192
76614	FHA_01_000122_5	10	2639.6	1992	0.325	0.245	13.457
76614	FHA_01_000122_5	11	2155.2	1829	0.178	0.151	7.309
76614	FHA_01_000122_5	12	1879.2	1858	0.011	0.011	0.49
76614	FHA_01_000122_5	13	1775.6	1867	-0.049	0.049	2.142
76614	FHA_01_000122_5	14	1611.2	1911	-0.157	0.157	7.144
76614	FHA_01_000122_5	15	1752.4	2095	-0.164	0.164	7.811
76614	FHA_01_000122_5	16	1887.6	2321	-0.187	0.187	9.448
76614	FHA_01_000122_5	17	1928.4	2502	-0.229	0.229	12.187
76614	FHA_01_000122_5	18	1872	2303	-0.187	0.187	9.433
76614	FHA_01_000122_5	19	1756	1646	0.067	0.063	2.667
76614	FHA_01_000122_5	20	1354.4	1193	0.135	0.119	4.522
76614	FHA_01_000122_5	21	981.2	924	0.062	0.058	1.853
76614	FHA_01_000122_5	22	674.4	675	-0.001	0.001	0.023
76614	FHA_01_000122_5	23	549.6	441	0.246	0.198	4.88
76614	FHA_01_000122_5	24	318	264	0.205	0.17	3.166
76679	FHA_01_000122_1	1	69.6	190	-0.634	0.634	10.568
76679	FHA_01_000122_1	2	35.6	170	-0.791	0.791	13.256
76679	FHA_01_000122_1	3	26.8	122	-0.78	0.78	11.037
76679	FHA_01_000122_1	4	132.4	148	-0.105	0.105	1.317
76679	FHA_01_000122_1	5	176.8	264	-0.33	0.33	5.874
76679	FHA_01_000122_1	6	330.8	615	-0.462	0.462	13.069
76679	FHA_01_000122_1	7	740.8	1413	-0.476	0.476	20.484
76679	FHA_01_000122_1	8	2627.2	2227	0.18	0.152	8.123
76679	FHA_01_000122_1	9	2597.2	1936	0.342	0.255	13.888
76679	FHA_01_000122_1	10	2407.6	1677	0.436	0.303	16.167
76679	FHA_01_000122_1	11	1943.2	1634	0.189	0.159	7.311
76679	FHA_01_000122_1	12	1781.6	1753	0.016	0.016	0.68
76679	FHA_01_000122_1	13	1646	1938	-0.151	0.151	6.898
76679	FHA_01_000122_1	14	1928.4	2152	-0.104	0.104	4.95
76679	FHA_01_000122_1	15	2056.4	2426	-0.152	0.152	7.807
76679	FHA_01_000122_1	16	2291.2	3012	-0.239	0.239	13.998
76679	FHA_01_000122_1	17	2511.6	3362	-0.253	0.253	15.692
76679	FHA_01_000122_1	18	2438.4	3217	-0.242	0.242	14.642
76679	FHA_01_000122_1	19	2412.8	2179	0.107	0.097	4.879
76679	FHA_01_000122_1	20	1828.8	1475	0.24	0.193	8.705
76679	FHA_01_000122_1	21	1490	1160	0.284	0.221	9.066
76679	FHA_01_000122_1	22	1182.4	879	0.345	0.257	9.45
76679	FHA_01_000122_1	23	895.2	614	0.458	0.314	10.237
76679	FHA_01_000122_1	24	626.8	379	0.654	0.395	11.05
78445	FHA_01_001401_5	1	147.2	39	2.774	0.735	11.214
78445	FHA_01_001401_5	2	36	20	0.8	0.444	3.024
78445	FHA_01_001401_5	3	26.4	16	0.65	0.394	2.259
78445	FHA_01_001401_5	4	233.6	26	7.985	0.889	18.222
78445	FHA_01_001401_5	5	203.6	81	1.514	0.602	10.278
78445	FHA_01_001401_5	6	414	258	0.605	0.377	8.51
78445	FHA_01_001401_5	7	1428	799	0.787	0.44	18.85
78445	FHA_01_001401_5	8	3863.2	1330	1.905	0.656	49.713
78445	FHA_01_001401_5	9	3960.4	1349	1.936	0.659	50.683
78445	FHA_01_001401_5	10	3225.6	981	2.288	0.696	48.943
78445	FHA_01_001401_5	11	2698.8	829	2.255	0.693	44.52
78445	FHA_01_001401_5	12	2434.8	862	1.825	0.646	38.738
78445	FHA_01_001401_5	13	2394.8	915	1.617	0.618	36.376
78445	FHA_01_001401_5	14	2796.8	956	1.926	0.658	42.496
78445	FHA_01_001401_5	15	3153.2	932	2.383	0.704	49.147
78445	FHA_01_001401_5	16	3579.6	999	2.583	0.721	53.935
78445	FHA_01_001401_5	17	3554	1016	2.498	0.714	53.094
78445	FHA_01_001401_5	18	3722.4	1027	2.625	0.724	55.312
78445	FHA_01_001401_5	19	3547.6	823	3.311	0.768	58.284
78445	FHA_01_001401_5	20	3010.8	544	4.535	0.819	58.512
78445	FHA_01_001401_5	21	2289.2	395	4.795	0.827	51.705
78445	FHA_01_001401_5	22	1762.4	288	5.119	0.837	46.048
78445	FHA_01_001401_5	23	1300.8	168	6.743	0.871	41.801
78445	FHA_01_001401_5	24	950.4	89	9.679	0.906	37.786
79982	FHA_01_000134_1	1	134.8	379	-0.644	0.644	15.236
79982	FHA_01_000134_1	2	54.8	289	-0.81	0.81	17.863
79982	FHA_01_000134_1	3	41.2	288	-0.857	0.857	19.237
79982	FHA_01_000134_1	4	240	372	-0.355	0.355	7.546
79982	FHA_01_000134_1	5	166.8	640	-0.739	0.739	23.56
79982	FHA_01_000134_1	6	472.4	1544	-0.694	0.694	33.749
79982	FHA_01_000134_1	7	1528	3307	-0.538	0.538	36.182
79982	FHA_01_000134_1	8	4900.8	4926	-0.005	0.005	0.36
79982	FHA_01_000134_1	9	4540	4058	0.119	0.106	7.351
79982	FHA_01_000134_1	10	3431.6	3512	-0.023	0.023	1.365
79982	FHA_01_000134_1	11	2713.2	3420	-0.207	0.207	12.763
79982	FHA_01_000134_1	12	2232	3630	-0.385	0.385	25.823
79982	FHA_01_000134_1	13	2356	3884	-0.393	0.393	27.356
79982	FHA_01_000134_1	14	2543.6	4055	-0.373	0.373	26.313
79982	FHA_01_000134_1	15	2757.6	4236	-0.349	0.349	25.001
79982	FHA_01_000134_1	16	2722	4414	-0.383	0.383	28.326
79982	FHA_01_000134_1	17	2871.6	4656	-0.383	0.383	29.086
79982	FHA_01_000134_1	18	2712.8	4465	-0.392	0.392	29.248
79982	FHA_01_000134_1	19	2764.4	3696	-0.252	0.252	16.391
79982	FHA_01_000134_1	20	2150	2746	-0.217	0.217	12.046
79982	FHA_01_000134_1	21	1693.2	2093	-0.191	0.191	9.189
79982	FHA_01_000134_1	22	1148.4	1614	-0.288	0.288	12.528
79982	FHA_01_000134_1	23	858.4	1019	-0.158	0.158	5.242
79982	FHA_01_000134_1	24	546.4	666	-0.18	0.18	4.858
79983	FHA_01_000134_5	1	147.2	376	-0.609	0.609	14.146
79983	FHA_01_000134_5	2	90	266	-0.662	0.662	13.192
79983	FHA_01_000134_5	3	70.8	242	-0.707	0.707	13.689
79983	FHA_01_000134_5	4	311.6	299	0.042	0.04	0.721
79983	FHA_01_000134_5	5	309.6	617	-0.498	0.498	14.281
79983	FHA_01_000134_5	6	490.4	1335	-0.633	0.633	27.957
79983	FHA_01_000134_5	7	1188.8	2380	-0.501	0.501	28.199
79983	FHA_01_000134_5	8	3741.2	3769	-0.007	0.007	0.454
79983	FHA_01_000134_5	9	4293.2	3605	0.191	0.16	10.951
79983	FHA_01_000134_5	10	4016.8	3092	0.299	0.23	15.512
79983	FHA_01_000134_5	11	3570.8	3246	0.1	0.091	5.563
79983	FHA_01_000134_5	12	3005.6	3463	-0.132	0.132	8.043
79983	FHA_01_000134_5	13	2556.8	3527	-0.275	0.275	17.591
79983	FHA_01_000134_5	14	2578	3562	-0.276	0.276	17.759
79983	FHA_01_000134_5	15	2616	3795	-0.311	0.311	20.824
79983	FHA_01_000134_5	16	2874.4	4225	-0.32	0.32	22.669
79983	FHA_01_000134_5	17	2908	4504	-0.354	0.354	26.217
79983	FHA_01_000134_5	18	2864	4567	-0.373	0.373	27.939
79983	FHA_01_000134_5	19	2577.6	3585	-0.281	0.281	18.148
79983	FHA_01_000134_5	20	2012	2615	-0.231	0.231	12.537
79983	FHA_01_000134_5	21	1120.8	2016	-0.444	0.444	22.604
79983	FHA_01_000134_5	22	832.4	1541	-0.46	0.46	20.57
79983	FHA_01_000134_5	23	586.8	1049	-0.441	0.441	16.161
79983	FHA_01_000134_5	24	428.8	708	-0.394	0.394	11.711
79986	FHA_01_001384_1	1	90	142	-0.366	0.366	4.828
79986	FHA_01_001384_1	2	46.4	98	-0.527	0.527	6.073
79986	FHA_01_001384_1	3	32	95	-0.663	0.663	7.906
79986	FHA_01_001384_1	4	141.2	148	-0.046	0.046	0.565
79986	FHA_01_001384_1	5	103.2	306	-0.663	0.663	14.178
79986	FHA_01_001384_1	6	236	836	-0.718	0.718	25.916
79986	FHA_01_001384_1	7	692.4	1805	-0.616	0.616	31.485
79986	FHA_01_001384_1	8	2574.8	2298	0.12	0.108	5.608
79986	FHA_01_001384_1	9	2630.8	1871	0.406	0.289	16.015
79986	FHA_01_001384_1	10	2069.6	1781	0.162	0.139	6.577
79986	FHA_01_001384_1	11	1719.6	1722	-0.001	0.001	0.058
79986	FHA_01_001384_1	12	1330.4	1849	-0.28	0.28	13.007
79986	FHA_01_001384_1	13	1335.6	2058	-0.351	0.351	17.537
79986	FHA_01_001384_1	14	1464.8	2162	-0.322	0.322	16.372
79986	FHA_01_001384_1	15	1601.6	2238	-0.284	0.284	14.525
79986	FHA_01_001384_1	16	1636	2324	-0.296	0.296	15.462
79986	FHA_01_001384_1	17	1704.8	2413	-0.293	0.293	15.608
79986	FHA_01_001384_1	18	1521.6	2367	-0.357	0.357	19.173
79986	FHA_01_001384_1	19	1574	1976	-0.203	0.203	9.542
79986	FHA_01_001384_1	20	1100.8	1454	-0.243	0.243	9.882
79986	FHA_01_001384_1	21	923.6	1073	-0.139	0.139	4.728
79986	FHA_01_001384_1	22	604.4	833	-0.274	0.274	8.527
79986	FHA_01_001384_1	23	501.2	513	-0.023	0.023	0.524
79986	FHA_01_001384_1	24	310.8	303	0.026	0.025	0.445
79988	FHA_01_001464-p2_5	1	99.2	39	1.544	0.607	7.242
79988	FHA_01_001464-p2_5	2	74.4	20	2.72	0.731	7.918
79988	FHA_01_001464-p2_5	3	62.8	18	2.489	0.713	7.048
79988	FHA_01_001464-p2_5	4	229.6	19	11.084	0.917	18.89
79988	FHA_01_001464-p2_5	5	192	40	3.8	0.792	14.113
79988	FHA_01_001464-p2_5	6	359.6	97	2.707	0.73	17.38
79988	FHA_01_001464-p2_5	7	807.2	294	1.746	0.636	21.871
79988	FHA_01_001464-p2_5	8	2400	565	3.248	0.765	47.658
79988	FHA_01_001464-p2_5	9	2607.2	616	3.232	0.764	49.601
79988	FHA_01_001464-p2_5	10	2438.4	479	4.091	0.804	51.303
79988	FHA_01_001464-p2_5	11	2163.2	492	3.397	0.773	45.866
79988	FHA_01_001464-p2_5	12	1946.8	560	2.476	0.712	39.171
79988	FHA_01_001464-p2_5	13	1782.4	565	2.155	0.683	35.535
79988	FHA_01_001464-p2_5	14	1794.4	553	2.245	0.692	36.235
79988	FHA_01_001464-p2_5	15	1901.2	552	2.444	0.71	38.523
79988	FHA_01_001464-p2_5	16	2131.2	612	2.482	0.713	41.021
79988	FHA_01_001464-p2_5	17	2183.2	600	2.639	0.725	42.44
79988	FHA_01_001464-p2_5	18	2128.4	596	2.571	0.72	41.519
79988	FHA_01_001464-p2_5	19	1892.4	497	2.808	0.737	40.371
79988	FHA_01_001464-p2_5	20	1564.8	327	3.785	0.791	40.246
79988	FHA_01_001464-p2_5	21	938	223	3.206	0.762	29.676
79988	FHA_01_001464-p2_5	22	702	168	3.179	0.761	25.603
79988	FHA_01_001464-p2_5	23	494	119	3.151	0.759	21.42
79988	FHA_01_001464-p2_5	24	393.2	76	4.174	0.807	20.709
81860	FHA_01_000115_5	1	56.4	140	-0.597	0.597	8.436
81860	FHA_01_000115_5	2	79.2	100	-0.208	0.208	2.197
81860	FHA_01_000115_5	3	62.8	91	-0.31	0.31	3.216
81860	FHA_01_000115_5	4	165.2	120	0.377	0.274	3.785
81860	FHA_01_000115_5	5	118.4	240	-0.507	0.507	9.084
81860	FHA_01_000115_5	6	231.6	580	-0.601	0.601	17.295
81860	FHA_01_000115_5	7	489.2	781	-0.374	0.374	11.579
81860	FHA_01_000115_5	8	1712.8	1143	0.499	0.333	15.079
81860	FHA_01_000115_5	9	1688.4	948	0.781	0.439	20.393
81860	FHA_01_000115_5	10	1467.6	786	0.867	0.464	20.305
81860	FHA_01_000115_5	11	1356.4	774	0.752	0.429	17.845
81860	FHA_01_000115_5	12	1250.4	834	0.499	0.333	12.898
81860	FHA_01_000115_5	13	1130.4	892	0.267	0.211	7.497
81860	FHA_01_000115_5	14	1015.2	956	0.062	0.058	1.886
81860	FHA_01_000115_5	15	1188	1044	0.138	0.121	4.311
81860	FHA_01_000115_5	16	1357.6	1151	0.179	0.152	5.834
81860	FHA_01_000115_5	17	1340.4	1268	0.057	0.054	2.005
81860	FHA_01_000115_5	18	1310.8	1295	0.012	0.012	0.438
81860	FHA_01_000115_5	19	1238.8	986	0.256	0.204	7.58
81860	FHA_01_000115_5	20	1228.8	747	0.645	0.392	15.329
81860	FHA_01_000115_5	21	902	607	0.486	0.327	10.74
81860	FHA_01_000115_5	22	822	479	0.716	0.417	13.448
81860	FHA_01_000115_5	23	550.4	324	0.699	0.411	10.828
81860	FHA_01_000115_5	24	369.2	229	0.612	0.38	8.107
9208	FHA_01_000148-p2_5	1	207.6	187	0.11	0.099	1.467
9208	FHA_01_000148-p2_5	2	88.4	141	-0.373	0.373	4.911
9208	FHA_01_000148-p2_5	3	77.6	125	-0.379	0.379	4.709
9208	FHA_01_000148-p2_5	4	403.6	167	1.417	0.586	14.008
9208	FHA_01_000148-p2_5	5	242.8	311	-0.219	0.219	4.098
9208	FHA_01_000148-p2_5	6	564.4	646	-0.126	0.126	3.317
9208	FHA_01_000148-p2_5	7	1538.4	1367	0.125	0.111	4.497
9208	FHA_01_000148-p2_5	8	3243.6	2226	0.457	0.314	19.459
9208	FHA_01_000148-p2_5	9	3224	2009	0.605	0.377	23.753
9208	FHA_01_000148-p2_5	10	2846.4	1577	0.805	0.446	26.992
9208	FHA_01_000148-p2_5	11	2428.8	1607	0.511	0.338	18.294
9208	FHA_01_000148-p2_5	12	2122.4	1668	0.272	0.214	10.438
9208	FHA_01_000148-p2_5	13	2006.4	1759	0.141	0.123	5.702
9208	FHA_01_000148-p2_5	14	2134.4	1824	0.17	0.145	6.977
9208	FHA_01_000148-p2_5	15	2222	1986	0.119	0.106	5.145
9208	FHA_01_000148-p2_5	16	2583.6	2064	0.252	0.201	10.779
9208	FHA_01_000148-p2_5	17	2670.8	1972	0.354	0.262	14.504
9208	FHA_01_000148-p2_5	18	2648	1922	0.378	0.274	15.188
9208	FHA_01_000148-p2_5	19	2532	1575	0.608	0.378	21.119
9208	FHA_01_000148-p2_5	20	2115.2	1186	0.783	0.439	22.871
9208	FHA_01_000148-p2_5	21	1447.2	973	0.487	0.328	13.632
9208	FHA_01_000148-p2_5	22	1172.8	758	0.547	0.354	13.35
9208	FHA_01_000148-p2_5	23	913.2	509	0.794	0.443	15.158
9208	FHA_01_000148-p2_5	24	630.4	336	0.876	0.467	13.393
97470	FHA_01_001382_5	1	108.8	45	1.418	0.586	7.275
97470	FHA_01_001382_5	2	20.4	32	-0.363	0.363	2.266
97470	FHA_01_001382_5	3	27.6	28	-0.014	0.014	0.076
97470	FHA_01_001382_5	4	218	38	4.737	0.826	15.91
97470	FHA_01_001382_5	5	100	81	0.235	0.19	1.997
97470	FHA_01_001382_5	6	286.4	188	0.523	0.344	6.389
97470	FHA_01_001382_5	7	851.6	465	0.831	0.454	15.068
97470	FHA_01_001382_5	8	1597.2	780	1.048	0.512	23.703
97470	FHA_01_001382_5	9	1566	681	1.3	0.565	26.403
97470	FHA_01_001382_5	10	1415.2	533	1.655	0.623	28.266
97470	FHA_01_001382_5	11	1139.2	534	1.133	0.531	20.924
97470	FHA_01_001382_5	12	1010.4	560	0.804	0.446	16.073
97470	FHA_01_001382_5	13	1108.4	584	0.898	0.473	18.027
97470	FHA_01_001382_5	14	1174	602	0.95	0.487	19.195
97470	FHA_01_001382_5	15	1265.2	679	0.863	0.463	18.801
97470	FHA_01_001382_5	16	1436.8	717	1.004	0.501	21.934
97470	FHA_01_001382_5	17	1498.4	682	1.197	0.545	24.726
97470	FHA_01_001382_5	18	1502.4	658	1.283	0.562	25.692
97470	FHA_01_001382_5	19	1405.2	538	1.612	0.617	27.821
97470	FHA_01_001382_5	20	1221.6	385	2.173	0.685	29.517
97470	FHA_01_001382_5	21	955.6	304	2.143	0.682	25.964
97470	FHA_01_001382_5	22	766.8	237	2.235	0.691	23.648
97470	FHA_01_001382_5	23	617.2	151	3.087	0.755	23.788
97470	FHA_01_001382_5	24	398.8	90	3.431	0.774	19.753
97471	FHA_01_001382-p2_5	1	108.4	90	0.204	0.17	1.847
97471	FHA_01_001382-p2_5	2	68.4	63	0.086	0.079	0.666
97471	FHA_01_001382-p2_5	3	62.8	56	0.121	0.108	0.882
97471	FHA_01_001382-p2_5	4	214.4	76	1.821	0.646	11.486
97471	FHA_01_001382-p2_5	5	185.2	162	0.143	0.125	1.761
97471	FHA_01_001382-p2_5	6	307.6	375	-0.18	0.18	3.648
97471	FHA_01_001382-p2_5	7	697.2	931	-0.251	0.251	8.194
97471	FHA_01_001382-p2_5	8	1478	1559	-0.052	0.052	2.079
97471	FHA_01_001382-p2_5	9	1706	1363	0.252	0.201	8.756
97471	FHA_01_001382-p2_5	10	1668.4	1066	0.565	0.361	16.292
97471	FHA_01_001382-p2_5	11	1359.2	1067	0.274	0.215	8.389
97471	FHA_01_001382-p2_5	12	1180	1119	0.055	0.052	1.799
97471	FHA_01_001382-p2_5	13	987.2	1168	-0.155	0.155	5.508
97471	FHA_01_001382-p2_5	14	1081.6	1205	-0.102	0.102	3.65
97471	FHA_01_001382-p2_5	15	1145.2	1358	-0.157	0.157	6.015
97471	FHA_01_001382-p2_5	16	1321.6	1433	-0.078	0.078	3.002
97471	FHA_01_001382-p2_5	17	1377.2	1364	0.01	0.01	0.357
97471	FHA_01_001382-p2_5	18	1333.2	1316	0.013	0.013	0.473
97471	FHA_01_001382-p2_5	19	1179.2	1076	0.096	0.088	3.073
97471	FHA_01_001382-p2_5	20	986	771	0.279	0.218	7.254
97471	FHA_01_001382-p2_5	21	592.4	609	-0.027	0.027	0.677
97471	FHA_01_001382-p2_5	22	454.4	474	-0.041	0.041	0.91
97471	FHA_01_001382-p2_5	23	330	301	0.096	0.088	1.633
97471	FHA_01_001382-p2_5	24	258	180	0.433	0.302	5.271
97472	FHA_01_031382_5	1	108.4	95	0.141	0.124	1.329
97472	FHA_01_031382_5	2	68.4	71	-0.037	0.037	0.311
97472	FHA_01_031382_5	3	62.8	60	0.047	0.045	0.357
97472	FHA_01_031382_5	4	214.4	85	1.522	0.604	10.576
97472	FHA_01_031382_5	5	182	177	0.028	0.027	0.373
97472	FHA_01_031382_5	6	306.8	406	-0.244	0.244	5.255
97472	FHA_01_031382_5	7	699.2	979	-0.286	0.286	9.659
97472	FHA_01_031382_5	8	1478	1578	-0.063	0.063	2.558
97472	FHA_01_031382_5	9	1704.4	1350	0.263	0.208	9.069
97472	FHA_01_031382_5	10	1669.2	1012	0.649	0.394	17.949
97472	FHA_01_031382_5	11	1357.6	1026	0.323	0.244	9.605
97472	FHA_01_031382_5	12	1182.8	1060	0.116	0.104	3.667
97472	FHA_01_031382_5	13	983.6	1120	-0.122	0.122	4.206
97472	FHA_01_031382_5	14	1084.4	1151	-0.058	0.058	1.992
97472	FHA_01_031382_5	15	1146	1349	-0.15	0.15	5.747
97472	FHA_01_031382_5	16	1318.8	1448	-0.089	0.089	3.474
97472	FHA_01_031382_5	17	1377.6	1426	-0.034	0.034	1.293
97472	FHA_01_031382_5	18	1335.2	1366	-0.023	0.023	0.838
97472	FHA_01_031382_5	19	1177.2	1079	0.091	0.083	2.924
97472	FHA_01_031382_5	20	988.8	752	0.315	0.239	8.026
97472	FHA_01_031382_5	21	593.6	576	0.031	0.03	0.728
97472	FHA_01_031382_5	22	453.6	459	-0.012	0.012	0.253
97472	FHA_01_031382_5	23	330.4	289	0.143	0.125	2.353
97472	FHA_01_031382_5	24	258	177	0.458	0.314	5.492
98424	FHA_01_000422_3	1	25.2	83	-0.696	0.696	7.858
98424	FHA_01_000422_3	2	7.2	53	-0.864	0.864	8.348
98424	FHA_01_000422_3	3	17.2	48	-0.642	0.642	5.394
98424	FHA_01_000422_3	4	56.4	76	-0.258	0.258	2.409
98424	FHA_01_000422_3	5	101.2	107	-0.054	0.054	0.568
98424	FHA_01_000422_3	6	208	295	-0.295	0.295	5.486
98424	FHA_01_000422_3	7	415.2	510	-0.186	0.186	4.408
98424	FHA_01_000422_3	8	815.2	716	0.139	0.122	3.585
98424	FHA_01_000422_3	9	740.4	631	0.173	0.148	4.178
98424	FHA_01_000422_3	10	673.2	503	0.338	0.253	7.018
98424	FHA_01_000422_3	11	560.8	455	0.233	0.189	4.695
98424	FHA_01_000422_3	12	602.4	492	0.224	0.183	4.72
98424	FHA_01_000422_3	13	610.4	515	0.185	0.156	4.022
98424	FHA_01_000422_3	14	614	541	0.135	0.119	3.038
98424	FHA_01_000422_3	15	574.4	578	-0.006	0.006	0.15
98424	FHA_01_000422_3	16	606	651	-0.069	0.069	1.795
98424	FHA_01_000422_3	17	590	615	-0.041	0.041	1.019
98424	FHA_01_000422_3	18	474	583	-0.187	0.187	4.741
98424	FHA_01_000422_3	19	640	559	0.145	0.127	3.308
98424	FHA_01_000422_3	20	353.6	454	-0.221	0.221	4.996
98424	FHA_01_000422_3	21	171.2	353	-0.515	0.515	11.229
98424	FHA_01_000422_3	22	112.4	294	-0.618	0.618	12.74
98424	FHA_01_000422_3	23	78.4	209	-0.625	0.625	10.895
98424	FHA_01_000422_3	24	42.4	139	-0.695	0.695	10.143
98425	FHA_01_000422_7	1	3.6	106	-0.966	0.966	13.833
98425	FHA_01_000422_7	2	7.2	71	-0.899	0.899	10.203
98425	FHA_01_000422_7	3	0.4	52	-0.992	0.992	10.081
98425	FHA_01_000422_7	4	67.2	48	0.4	0.286	2.53
98425	FHA_01_000422_7	5	20.4	72	-0.717	0.717	7.592
98425	FHA_01_000422_7	6	97.6	132	-0.261	0.261	3.211
98425	FHA_01_000422_7	7	161.6	252	-0.359	0.359	6.286
98425	FHA_01_000422_7	8	697.6	446	0.564	0.361	10.522
98425	FHA_01_000422_7	9	712.4	449	0.587	0.37	10.93
98425	FHA_01_000422_7	10	619.6	420	0.475	0.322	8.755
98425	FHA_01_000422_7	11	566	442	0.281	0.219	5.523
98425	FHA_01_000422_7	12	553.2	478	0.157	0.136	3.312
98425	FHA_01_000422_7	13	526.8	535	-0.015	0.015	0.356
98425	FHA_01_000422_7	14	550.4	565	-0.026	0.026	0.618
98425	FHA_01_000422_7	15	582.4	652	-0.107	0.107	2.802
98425	FHA_01_000422_7	16	683.2	722	-0.054	0.054	1.464
98425	FHA_01_000422_7	17	676.8	733	-0.077	0.077	2.117
98425	FHA_01_000422_7	18	628.4	768	-0.182	0.182	5.283
98425	FHA_01_000422_7	19	579.6	690	-0.16	0.16	4.382
98425	FHA_01_000422_7	20	498.4	582	-0.144	0.144	3.597
98425	FHA_01_000422_7	21	428.8	427	0.004	0.004	0.087
98425	FHA_01_000422_7	22	294	347	-0.153	0.153	2.96
98425	FHA_01_000422_7	23	196.4	274	-0.283	0.283	5.06
98425	FHA_01_000422_7	24	96.8	209	-0.537	0.537	9.074
