Link Id	Count Station Id	Hour	MATSIM volumes	Count volumes	Relative Error	Normalized Relative Error	GEH
13484	FHA_01_001402_5+FHA_01_021402_5	1	20.4	62	-0.671	0.671	6.481
13484	FHA_01_001402_5+FHA_01_021402_5	2	17.2	36	-0.522	0.522	3.645
13484	FHA_01_001402_5+FHA_01_021402_5	3	41.6	26	0.6	0.375	2.683
13484	FHA_01_001402_5+FHA_01_021402_5	4	30.8	30	0.027	0.026	0.145
13484	FHA_01_001402_5+FHA_01_021402_5	5	101.6	52	0.954	0.488	5.66
13484	FHA_01_001402_5+FHA_01_021402_5	6	437.2	151	1.895	0.655	16.689
13484	FHA_01_001402_5+FHA_01_021402_5	7	876.8	402	1.181	0.542	18.777
13484	FHA_01_001402_5+FHA_01_021402_5	8	1498	822	0.822	0.451	19.848
13484	FHA_01_001402_5+FHA_01_021402_5	9	1552.8	758	1.049	0.512	23.383
13484	FHA_01_001402_5+FHA_01_021402_5	10	1354.8	650	1.084	0.52	22.261
13484	FHA_01_001402_5+FHA_01_021402_5	11	1258	675	0.864	0.463	18.753
13484	FHA_01_001402_5+FHA_01_021402_5	12	1246.8	762	0.636	0.389	15.297
13484	FHA_01_001402_5+FHA_01_021402_5	13	1228	818	0.501	0.334	12.819
13484	FHA_01_001402_5+FHA_01_021402_5	14	1212.8	830	0.461	0.316	11.978
13484	FHA_01_001402_5+FHA_01_021402_5	15	1412.4	872	0.62	0.383	15.99
13484	FHA_01_001402_5+FHA_01_021402_5	16	1440	982	0.466	0.318	13.161
13484	FHA_01_001402_5+FHA_01_021402_5	17	1443.6	1026	0.407	0.289	11.884
13484	FHA_01_001402_5+FHA_01_021402_5	18	1331.6	1032	0.29	0.225	8.715
13484	FHA_01_001402_5+FHA_01_021402_5	19	1022	804	0.271	0.213	7.215
13484	FHA_01_001402_5+FHA_01_021402_5	20	715.2	589	0.214	0.176	4.942
13484	FHA_01_001402_5+FHA_01_021402_5	21	579.6	434	0.335	0.251	6.468
13484	FHA_01_001402_5+FHA_01_021402_5	22	409.6	318	0.288	0.224	4.802
13484	FHA_01_001402_5+FHA_01_021402_5	23	287.6	202	0.424	0.298	5.471
13484	FHA_01_001402_5+FHA_01_021402_5	24	92.4	135	-0.316	0.316	3.995
139305	FHA_01_001462_1	1	26	13	1	0.5	2.944
139305	FHA_01_001462_1	2	0	7	-1	1	3.742
139305	FHA_01_001462_1	3	10.8	6	0.8	0.444	1.656
139305	FHA_01_001462_1	4	15.6	12	0.3	0.231	0.969
139305	FHA_01_001462_1	5	85.2	21	3.057	0.754	8.81
139305	FHA_01_001462_1	6	464.4	43	9.8	0.907	26.457
139305	FHA_01_001462_1	7	978.8	107	8.148	0.891	37.416
139305	FHA_01_001462_1	8	1505.6	220	5.844	0.854	43.767
139305	FHA_01_001462_1	9	1476.8	194	6.612	0.869	44.382
139305	FHA_01_001462_1	10	1295.2	206	5.287	0.841	39.756
139305	FHA_01_001462_1	11	1246.4	209	4.964	0.832	38.457
139305	FHA_01_001462_1	12	977.2	234	3.176	0.761	30.2
139305	FHA_01_001462_1	13	757.2	270	1.804	0.643	21.498
139305	FHA_01_001462_1	14	730.4	286	1.554	0.608	19.713
139305	FHA_01_001462_1	15	818.8	286	1.863	0.651	22.669
139305	FHA_01_001462_1	16	1011.2	302	2.348	0.701	27.677
139305	FHA_01_001462_1	17	982.4	345	1.848	0.649	24.742
139305	FHA_01_001462_1	18	844.4	334	1.528	0.604	21.027
139305	FHA_01_001462_1	19	600	274	1.19	0.543	15.595
139305	FHA_01_001462_1	20	412.4	205	1.012	0.503	11.804
139305	FHA_01_001462_1	21	268	167	0.605	0.377	6.848
139305	FHA_01_001462_1	22	137.6	104	0.323	0.244	3.057
139305	FHA_01_001462_1	23	114.4	47	1.434	0.589	7.503
139305	FHA_01_001462_1	24	43.2	27	0.6	0.375	2.734
139543	FHA_01_001464_5	1	15.2	60	-0.747	0.747	7.306
139543	FHA_01_001464_5	2	5.2	32	-0.838	0.838	6.214
139543	FHA_01_001464_5	3	3.2	29	-0.89	0.89	6.43
139543	FHA_01_001464_5	4	10.8	30	-0.64	0.64	4.251
139543	FHA_01_001464_5	5	59.2	63	-0.06	0.06	0.486
139543	FHA_01_001464_5	6	311.6	152	1.05	0.512	10.483
139543	FHA_01_001464_5	7	654.4	460	0.423	0.297	8.236
139543	FHA_01_001464_5	8	1189.2	883	0.347	0.257	9.513
139543	FHA_01_001464_5	9	1544	962	0.605	0.377	16.442
139543	FHA_01_001464_5	10	1406	748	0.88	0.468	20.05
139543	FHA_01_001464_5	11	1354	769	0.761	0.432	17.955
139543	FHA_01_001464_5	12	1083.2	875	0.238	0.192	6.654
139543	FHA_01_001464_5	13	883.2	883	0	0	0.007
139543	FHA_01_001464_5	14	822	864	-0.049	0.049	1.447
139543	FHA_01_001464_5	15	836.4	863	-0.031	0.031	0.913
139543	FHA_01_001464_5	16	918	957	-0.041	0.041	1.274
139543	FHA_01_001464_5	17	796	937	-0.15	0.15	4.79
139543	FHA_01_001464_5	18	666	931	-0.285	0.285	9.378
139543	FHA_01_001464_5	19	482	777	-0.38	0.38	11.758
139543	FHA_01_001464_5	20	297.6	511	-0.418	0.418	10.613
139543	FHA_01_001464_5	21	237.6	349	-0.319	0.319	6.505
139543	FHA_01_001464_5	22	150.8	263	-0.427	0.427	7.8
139543	FHA_01_001464_5	23	94.4	186	-0.492	0.492	7.736
139543	FHA_01_001464_5	24	46.8	119	-0.607	0.607	7.93
141936	FHA_01_000119_1	1	83.2	303	-0.725	0.725	15.817
141936	FHA_01_000119_1	2	39.6	244	-0.838	0.838	17.165
141936	FHA_01_000119_1	3	82.4	215	-0.617	0.617	10.874
141936	FHA_01_000119_1	4	83.6	268	-0.688	0.688	13.908
141936	FHA_01_000119_1	5	151.6	404	-0.625	0.625	15.143
141936	FHA_01_000119_1	6	620	818	-0.242	0.242	7.384
141936	FHA_01_000119_1	7	1378	1743	-0.209	0.209	9.24
141936	FHA_01_000119_1	8	2764	2657	0.04	0.039	2.055
141936	FHA_01_000119_1	9	2776.4	2457	0.13	0.115	6.244
141936	FHA_01_000119_1	10	2143.2	2202	-0.027	0.027	1.262
141936	FHA_01_000119_1	11	2044	2152	-0.05	0.05	2.358
141936	FHA_01_000119_1	12	1934.4	2290	-0.155	0.155	7.737
141936	FHA_01_000119_1	13	1561.6	2474	-0.369	0.369	20.312
141936	FHA_01_000119_1	14	1774.8	2702	-0.343	0.343	19.598
141936	FHA_01_000119_1	15	2253.2	3078	-0.268	0.268	15.975
141936	FHA_01_000119_1	16	2412.4	3544	-0.319	0.319	20.736
141936	FHA_01_000119_1	17	2567.6	4000	-0.358	0.358	24.996
141936	FHA_01_000119_1	18	2462	3742	-0.342	0.342	22.982
141936	FHA_01_000119_1	19	2322	2625	-0.115	0.115	6.092
141936	FHA_01_000119_1	20	1780.4	1859	-0.042	0.042	1.843
141936	FHA_01_000119_1	21	1320	1470	-0.102	0.102	4.016
141936	FHA_01_000119_1	22	1077.2	1154	-0.067	0.067	2.299
141936	FHA_01_000119_1	23	727.2	796	-0.086	0.086	2.493
141936	FHA_01_000119_1	24	551.6	525	0.051	0.048	1.146
14240	FHA_01_000114_1	1	32	261	-0.877	0.877	18.92
14240	FHA_01_000114_1	2	56.8	212	-0.732	0.732	13.387
14240	FHA_01_000114_1	3	75.2	211	-0.644	0.644	11.352
14240	FHA_01_000114_1	4	88.8	251	-0.646	0.646	12.444
14240	FHA_01_000114_1	5	124.8	396	-0.685	0.685	16.806
14240	FHA_01_000114_1	6	415.6	944	-0.56	0.56	20.266
14240	FHA_01_000114_1	7	936	1581	-0.408	0.408	18.182
14240	FHA_01_000114_1	8	1750.4	2261	-0.226	0.226	11.401
14240	FHA_01_000114_1	9	1580.4	1795	-0.12	0.12	5.224
14240	FHA_01_000114_1	10	1326	1573	-0.157	0.157	6.488
14240	FHA_01_000114_1	11	1222	1555	-0.214	0.214	8.937
14240	FHA_01_000114_1	12	1107.2	1603	-0.309	0.309	13.469
14240	FHA_01_000114_1	13	1026.8	1697	-0.395	0.395	18.161
14240	FHA_01_000114_1	14	1043.2	1779	-0.414	0.414	19.588
14240	FHA_01_000114_1	15	1043.2	1994	-0.477	0.477	24.399
14240	FHA_01_000114_1	16	1197.2	2416	-0.504	0.504	28.675
14240	FHA_01_000114_1	17	1194.8	2671	-0.553	0.553	33.577
14240	FHA_01_000114_1	18	1056	2743	-0.615	0.615	38.708
14240	FHA_01_000114_1	19	974.4	1846	-0.472	0.472	23.21
14240	FHA_01_000114_1	20	781.6	1136	-0.312	0.312	11.445
14240	FHA_01_000114_1	21	575.2	833	-0.309	0.309	9.716
14240	FHA_01_000114_1	22	382.4	637	-0.4	0.4	11.277
14240	FHA_01_000114_1	23	335.2	515	-0.349	0.349	8.721
14240	FHA_01_000114_1	24	146	420	-0.652	0.652	16.288
14256	FHA_01_000115_1	1	70	245	-0.714	0.714	13.944
14256	FHA_01_000115_1	2	45.2	216	-0.791	0.791	14.946
14256	FHA_01_000115_1	3	43.2	226	-0.809	0.809	15.756
14256	FHA_01_000115_1	4	52.8	278	-0.81	0.81	17.511
14256	FHA_01_000115_1	5	99.6	450	-0.779	0.779	21.138
14256	FHA_01_000115_1	6	397.6	1052	-0.622	0.622	24.307
14256	FHA_01_000115_1	7	1092	1850	-0.41	0.41	19.763
14256	FHA_01_000115_1	8	2387.6	2575	-0.073	0.073	3.762
14256	FHA_01_000115_1	9	1946.4	2084	-0.066	0.066	3.065
14256	FHA_01_000115_1	10	1404.4	1732	-0.189	0.189	8.273
14256	FHA_01_000115_1	11	1258	1708	-0.263	0.263	11.685
14256	FHA_01_000115_1	12	1188.4	1745	-0.319	0.319	14.534
14256	FHA_01_000115_1	13	1018.8	1835	-0.445	0.445	21.607
14256	FHA_01_000115_1	14	1044.8	1884	-0.445	0.445	21.93
14256	FHA_01_000115_1	15	1200.8	2105	-0.43	0.43	22.24
14256	FHA_01_000115_1	16	1588.8	2578	-0.384	0.384	21.672
14256	FHA_01_000115_1	17	1449.2	2783	-0.479	0.479	28.995
14256	FHA_01_000115_1	18	1380.4	2763	-0.5	0.5	30.376
14256	FHA_01_000115_1	19	1156.8	1908	-0.394	0.394	19.19
14256	FHA_01_000115_1	20	749.2	1189	-0.37	0.37	14.128
14256	FHA_01_000115_1	21	499.2	863	-0.422	0.422	13.94
14256	FHA_01_000115_1	22	340.4	657	-0.482	0.482	14.177
14256	FHA_01_000115_1	23	217.6	494	-0.56	0.56	14.653
14256	FHA_01_000115_1	24	154	401	-0.616	0.616	14.827
154144	FHA_01_001461_5	1	15.6	44	-0.645	0.645	5.202
154144	FHA_01_001461_5	2	3.6	29	-0.876	0.876	6.291
154144	FHA_01_001461_5	3	13.2	19	-0.305	0.305	1.445
154144	FHA_01_001461_5	4	5.2	30	-0.827	0.827	5.911
154144	FHA_01_001461_5	5	50.8	62	-0.181	0.181	1.491
154144	FHA_01_001461_5	6	170.8	134	0.275	0.215	2.981
154144	FHA_01_001461_5	7	317.6	297	0.069	0.065	1.175
154144	FHA_01_001461_5	8	870.8	569	0.53	0.347	11.248
154144	FHA_01_001461_5	9	1292.4	760	0.701	0.412	16.62
154144	FHA_01_001461_5	10	875.2	760	0.152	0.132	4.029
154144	FHA_01_001461_5	11	729.6	942	-0.225	0.225	7.347
154144	FHA_01_001461_5	12	634	1052	-0.397	0.397	14.397
154144	FHA_01_001461_5	13	524.8	1083	-0.515	0.515	19.687
154144	FHA_01_001461_5	14	549.2	1072	-0.488	0.488	18.363
154144	FHA_01_001461_5	15	565.2	1095	-0.484	0.484	18.389
154144	FHA_01_001461_5	16	601.2	1190	-0.495	0.495	19.675
154144	FHA_01_001461_5	17	647.6	1291	-0.498	0.498	20.666
154144	FHA_01_001461_5	18	471.6	1316	-0.642	0.642	28.244
154144	FHA_01_001461_5	19	384.4	1022	-0.624	0.624	24.044
154144	FHA_01_001461_5	20	212.4	654	-0.675	0.675	21.217
154144	FHA_01_001461_5	21	225.6	449	-0.498	0.498	12.164
154144	FHA_01_001461_5	22	125.2	305	-0.59	0.59	12.259
154144	FHA_01_001461_5	23	68.4	192	-0.644	0.644	10.832
154144	FHA_01_001461_5	24	47.6	105	-0.547	0.547	6.571
155974	FHA_01_000119_5	1	65.2	287	-0.773	0.773	16.714
155974	FHA_01_000119_5	2	35.2	239	-0.853	0.853	17.405
155974	FHA_01_000119_5	3	79.2	210	-0.623	0.623	10.877
155974	FHA_01_000119_5	4	84.4	297	-0.716	0.716	15.395
155974	FHA_01_000119_5	5	351.6	604	-0.418	0.418	11.547
155974	FHA_01_000119_5	6	1338.8	1371	-0.023	0.023	0.875
155974	FHA_01_000119_5	7	2172	2996	-0.275	0.275	16.21
155974	FHA_01_000119_5	8	3205.2	4385	-0.269	0.269	19.151
155974	FHA_01_000119_5	9	2999.2	3643	-0.177	0.177	11.171
155974	FHA_01_000119_5	10	2364	2633	-0.102	0.102	5.382
155974	FHA_01_000119_5	11	2039.2	2429	-0.16	0.16	8.247
155974	FHA_01_000119_5	12	1780.8	2353	-0.243	0.243	12.586
155974	FHA_01_000119_5	13	1662.4	2383	-0.302	0.302	16.022
155974	FHA_01_000119_5	14	1636.8	2406	-0.32	0.32	17.109
155974	FHA_01_000119_5	15	1878.4	2540	-0.26	0.26	14.076
155974	FHA_01_000119_5	16	2246	2858	-0.214	0.214	12.115
155974	FHA_01_000119_5	17	2258.4	3081	-0.267	0.267	15.921
155974	FHA_01_000119_5	18	1923.6	2764	-0.304	0.304	17.359
155974	FHA_01_000119_5	19	1450.4	1970	-0.264	0.264	12.565
155974	FHA_01_000119_5	20	1268.4	1463	-0.133	0.133	5.266
155974	FHA_01_000119_5	21	826.8	1171	-0.294	0.294	10.891
155974	FHA_01_000119_5	22	697.6	922	-0.243	0.243	7.886
155974	FHA_01_000119_5	23	521.2	653	-0.202	0.202	5.44
155974	FHA_01_000119_5	24	279.6	470	-0.405	0.405	9.835
158102	FHA_01_001381_1+FHA_01_021381_5	1	20.4	108	-0.811	0.811	10.933
158102	FHA_01_001381_1+FHA_01_021381_5	2	4.4	78	-0.944	0.944	11.466
158102	FHA_01_001381_1+FHA_01_021381_5	3	7.2	74	-0.903	0.903	10.484
158102	FHA_01_001381_1+FHA_01_021381_5	4	6.4	112	-0.943	0.943	13.725
158102	FHA_01_001381_1+FHA_01_021381_5	5	47.6	252	-0.811	0.811	16.7
158102	FHA_01_001381_1+FHA_01_021381_5	6	320.4	660	-0.515	0.515	15.338
158102	FHA_01_001381_1+FHA_01_021381_5	7	681.6	1362	-0.5	0.5	21.285
158102	FHA_01_001381_1+FHA_01_021381_5	8	1622.8	1808	-0.102	0.102	4.472
158102	FHA_01_001381_1+FHA_01_021381_5	9	2036	1532	0.329	0.248	11.933
158102	FHA_01_001381_1+FHA_01_021381_5	10	1704.4	1347	0.265	0.21	9.15
158102	FHA_01_001381_1+FHA_01_021381_5	11	1595.6	1275	0.251	0.201	8.462
158102	FHA_01_001381_1+FHA_01_021381_5	12	1382	1340	0.031	0.03	1.138
158102	FHA_01_001381_1+FHA_01_021381_5	13	1171.2	1340	-0.126	0.126	4.764
158102	FHA_01_001381_1+FHA_01_021381_5	14	992	1378	-0.28	0.28	11.213
158102	FHA_01_001381_1+FHA_01_021381_5	15	924.8	1470	-0.371	0.371	15.756
158102	FHA_01_001381_1+FHA_01_021381_5	16	1038.8	1686	-0.384	0.384	17.534
158102	FHA_01_001381_1+FHA_01_021381_5	17	1038.4	1854	-0.44	0.44	21.447
158102	FHA_01_001381_1+FHA_01_021381_5	18	912.8	1759	-0.481	0.481	23.152
158102	FHA_01_001381_1+FHA_01_021381_5	19	771.6	1247	-0.381	0.381	14.964
158102	FHA_01_001381_1+FHA_01_021381_5	20	598.4	846	-0.293	0.293	9.213
158102	FHA_01_001381_1+FHA_01_021381_5	21	389.6	622	-0.374	0.374	10.333
158102	FHA_01_001381_1+FHA_01_021381_5	22	304.4	464	-0.344	0.344	8.142
158102	FHA_01_001381_1+FHA_01_021381_5	23	203.6	328	-0.379	0.379	7.63
158102	FHA_01_001381_1+FHA_01_021381_5	24	140	219	-0.361	0.361	5.897
159046	FHA_01_000117_5	1	80.8	299	-0.73	0.73	15.834
159046	FHA_01_000117_5	2	36.8	246	-0.85	0.85	17.593
159046	FHA_01_000117_5	3	92	215	-0.572	0.572	9.928
159046	FHA_01_000117_5	4	88.4	301	-0.706	0.706	15.236
159046	FHA_01_000117_5	5	318.8	609	-0.477	0.477	13.474
159046	FHA_01_000117_5	6	1346	1325	0.016	0.016	0.575
159046	FHA_01_000117_5	7	2273.6	2853	-0.203	0.203	11.444
159046	FHA_01_000117_5	8	3577.2	4425	-0.192	0.192	13.403
159046	FHA_01_000117_5	9	3347.6	3900	-0.142	0.142	9.176
159046	FHA_01_000117_5	10	2636	2845	-0.073	0.073	3.992
159046	FHA_01_000117_5	11	2362.4	2674	-0.117	0.117	6.209
159046	FHA_01_000117_5	12	2053.6	2666	-0.23	0.23	12.607
159046	FHA_01_000117_5	13	1999.2	2660	-0.248	0.248	13.691
159046	FHA_01_000117_5	14	2040.4	2677	-0.238	0.238	13.108
159046	FHA_01_000117_5	15	2144.8	2875	-0.254	0.254	14.575
159046	FHA_01_000117_5	16	2706	3337	-0.189	0.189	11.479
159046	FHA_01_000117_5	17	2599.2	3525	-0.263	0.263	16.73
159046	FHA_01_000117_5	18	2338	3255	-0.282	0.282	17.341
159046	FHA_01_000117_5	19	1933.6	2303	-0.16	0.16	8.026
159046	FHA_01_000117_5	20	1605.2	1670	-0.039	0.039	1.601
159046	FHA_01_000117_5	21	1038.8	1340	-0.225	0.225	8.734
159046	FHA_01_000117_5	22	856	1026	-0.166	0.166	5.542
159046	FHA_01_000117_5	23	617.2	711	-0.132	0.132	3.64
159046	FHA_01_000117_5	24	348	500	-0.304	0.304	7.382
16819	FHA_01_000701_7	1	74.4	35	1.126	0.53	5.327
16819	FHA_01_000701_7	2	47.2	28	0.686	0.407	3.131
16819	FHA_01_000701_7	3	62.4	36	0.733	0.423	3.764
16819	FHA_01_000701_7	4	48	65	-0.262	0.262	2.262
16819	FHA_01_000701_7	5	291.2	144	1.022	0.505	9.979
16819	FHA_01_000701_7	6	913.6	330	1.768	0.639	23.404
16819	FHA_01_000701_7	7	1797.2	657	1.735	0.634	32.549
16819	FHA_01_000701_7	8	2262.4	525	3.309	0.768	46.539
16819	FHA_01_000701_7	9	1734.8	527	2.292	0.696	35.916
16819	FHA_01_000701_7	10	1220.4	565	1.16	0.537	21.936
16819	FHA_01_000701_7	11	1167.2	606	0.926	0.481	18.848
16819	FHA_01_000701_7	12	983.6	614	0.602	0.376	13.077
16819	FHA_01_000701_7	13	778.4	712	0.093	0.085	2.432
16819	FHA_01_000701_7	14	638.8	695	-0.081	0.081	2.176
16819	FHA_01_000701_7	15	783.2	658	0.19	0.16	4.664
16819	FHA_01_000701_7	16	871.6	759	0.148	0.129	3.943
16819	FHA_01_000701_7	17	742	778	-0.046	0.046	1.306
16819	FHA_01_000701_7	18	744.8	801	-0.07	0.07	2.022
16819	FHA_01_000701_7	19	488.4	538	-0.092	0.092	2.189
16819	FHA_01_000701_7	20	350.8	345	0.017	0.017	0.311
16819	FHA_01_000701_7	21	244.8	222	0.103	0.093	1.492
16819	FHA_01_000701_7	22	169.2	149	0.136	0.119	1.601
16819	FHA_01_000701_7	23	140.4	116	0.21	0.174	2.155
16819	FHA_01_000701_7	24	96.8	68	0.424	0.298	3.173
175052	FHA_01_000129_5	1	54.8	139	-0.606	0.606	8.554
175052	FHA_01_000129_5	2	22.4	100	-0.776	0.776	9.919
175052	FHA_01_000129_5	3	56.8	101	-0.438	0.438	4.976
175052	FHA_01_000129_5	4	41.6	181	-0.77	0.77	13.213
175052	FHA_01_000129_5	5	333.2	472	-0.294	0.294	6.918
175052	FHA_01_000129_5	6	1451.6	1001	0.45	0.31	12.867
175052	FHA_01_000129_5	7	2258.8	2003	0.128	0.113	5.541
175052	FHA_01_000129_5	8	2864	2654	0.079	0.073	3.998
175052	FHA_01_000129_5	9	2721.6	2274	0.197	0.164	8.956
175052	FHA_01_000129_5	10	2497.6	1745	0.431	0.301	16.34
175052	FHA_01_000129_5	11	2353.2	1632	0.442	0.306	16.156
175052	FHA_01_000129_5	12	2120.4	1680	0.262	0.208	10.103
175052	FHA_01_000129_5	13	1914.8	1685	0.136	0.12	5.417
175052	FHA_01_000129_5	14	1903.2	1725	0.103	0.094	4.184
175052	FHA_01_000129_5	15	2113.2	1869	0.131	0.116	5.473
175052	FHA_01_000129_5	16	2357.6	2099	0.123	0.11	5.478
175052	FHA_01_000129_5	17	2504.8	2159	0.16	0.138	7.161
175052	FHA_01_000129_5	18	2024.8	2002	0.011	0.011	0.508
175052	FHA_01_000129_5	19	1631.2	1496	0.09	0.083	3.419
175052	FHA_01_000129_5	20	1255.2	1088	0.154	0.133	4.885
175052	FHA_01_000129_5	21	874.8	830	0.054	0.051	1.534
175052	FHA_01_000129_5	22	664.8	597	0.114	0.102	2.699
175052	FHA_01_000129_5	23	432	406	0.064	0.06	1.27
175052	FHA_01_000129_5	24	281.2	244	0.152	0.132	2.296
175310	FHA_01_000426_5	1	4	7	-0.429	0.429	1.279
175310	FHA_01_000426_5	2	0	4	-1	1	2.828
175310	FHA_01_000426_5	3	0	3	-1	1	2.449
175310	FHA_01_000426_5	4	0	3	-1	1	2.449
175310	FHA_01_000426_5	5	0	11	-1	1	4.69
175310	FHA_01_000426_5	6	6.8	13	-0.477	0.477	1.97
175310	FHA_01_000426_5	7	9.2	27	-0.659	0.659	4.184
175310	FHA_01_000426_5	8	48	70	-0.314	0.314	2.864
175310	FHA_01_000426_5	9	15.6	40	-0.61	0.61	4.628
175310	FHA_01_000426_5	10	36.4	39	-0.067	0.067	0.423
175310	FHA_01_000426_5	11	38.4	36	0.067	0.062	0.393
175310	FHA_01_000426_5	12	30.8	40	-0.23	0.23	1.546
175310	FHA_01_000426_5	13	25.2	43	-0.414	0.414	3.048
175310	FHA_01_000426_5	14	12	41	-0.707	0.707	5.633
175310	FHA_01_000426_5	15	33.2	49	-0.322	0.322	2.465
175310	FHA_01_000426_5	16	36.8	68	-0.459	0.459	4.31
175310	FHA_01_000426_5	17	34.8	80	-0.565	0.565	5.966
175310	FHA_01_000426_5	18	22	75	-0.707	0.707	7.61
175310	FHA_01_000426_5	19	19.6	41	-0.522	0.522	3.888
175310	FHA_01_000426_5	20	4	35	-0.886	0.886	7.02
175310	FHA_01_000426_5	21	8.8	25	-0.648	0.648	3.941
175310	FHA_01_000426_5	22	5.6	22	-0.745	0.745	4.415
175310	FHA_01_000426_5	23	0	18	-1	1	6
175310	FHA_01_000426_5	24	1.6	12	-0.867	0.867	3.988
175311	FHA_01_000426_1	1	0	10	-1	1	4.472
175311	FHA_01_000426_1	2	0	7	-1	1	3.742
175311	FHA_01_000426_1	3	0	5	-1	1	3.162
175311	FHA_01_000426_1	4	0	6	-1	1	3.464
175311	FHA_01_000426_1	5	0	12	-1	1	4.899
175311	FHA_01_000426_1	6	0	17	-1	1	5.831
175311	FHA_01_000426_1	7	2.4	28	-0.914	0.914	6.566
175311	FHA_01_000426_1	8	6.8	69	-0.901	0.901	10.103
175311	FHA_01_000426_1	9	23.2	48	-0.517	0.517	4.156
175311	FHA_01_000426_1	10	20.4	45	-0.547	0.547	4.302
175311	FHA_01_000426_1	11	10.4	45	-0.769	0.769	6.574
175311	FHA_01_000426_1	12	10.4	47	-0.779	0.779	6.832
175311	FHA_01_000426_1	13	19.6	51	-0.616	0.616	5.285
175311	FHA_01_000426_1	14	19.6	55	-0.644	0.644	5.796
175311	FHA_01_000426_1	15	20.8	65	-0.68	0.68	6.748
175311	FHA_01_000426_1	16	32	86	-0.628	0.628	7.03
175311	FHA_01_000426_1	17	8.4	102	-0.918	0.918	12.598
175311	FHA_01_000426_1	18	12	111	-0.892	0.892	12.624
175311	FHA_01_000426_1	19	6	68	-0.912	0.912	10.193
175311	FHA_01_000426_1	20	6	50	-0.88	0.88	8.315
175311	FHA_01_000426_1	21	2	42	-0.952	0.952	8.528
175311	FHA_01_000426_1	22	1.6	34	-0.953	0.953	7.68
175311	FHA_01_000426_1	23	1.6	24	-0.933	0.933	6.261
175311	FHA_01_000426_1	24	0.8	20	-0.96	0.96	5.954
176307	FHA_01_000123_5	1	39.2	189	-0.793	0.793	14.024
176307	FHA_01_000123_5	2	19.2	163	-0.882	0.882	15.066
176307	FHA_01_000123_5	3	63.2	121	-0.478	0.478	6.023
176307	FHA_01_000123_5	4	65.6	131	-0.499	0.499	6.596
176307	FHA_01_000123_5	5	397.6	228	0.744	0.427	9.589
176307	FHA_01_000123_5	6	1444.8	529	1.731	0.634	29.152
176307	FHA_01_000123_5	7	2249.6	1206	0.865	0.464	25.107
176307	FHA_01_000123_5	8	3466.4	2019	0.717	0.418	27.638
176307	FHA_01_000123_5	9	3262	1873	0.742	0.426	27.412
176307	FHA_01_000123_5	10	2688.4	1624	0.655	0.396	22.922
176307	FHA_01_000123_5	11	2339.2	1565	0.495	0.331	17.523
176307	FHA_01_000123_5	12	2017.6	1709	0.181	0.153	7.149
176307	FHA_01_000123_5	13	1893.2	1883	0.005	0.005	0.235
176307	FHA_01_000123_5	14	1781.2	2053	-0.132	0.132	6.208
176307	FHA_01_000123_5	15	2027.6	2317	-0.125	0.125	6.209
176307	FHA_01_000123_5	16	2250	2853	-0.211	0.211	11.938
176307	FHA_01_000123_5	17	2351.2	3140	-0.251	0.251	15.054
176307	FHA_01_000123_5	18	1890	3017	-0.374	0.374	22.753
176307	FHA_01_000123_5	19	1467.2	2113	-0.306	0.306	15.264
176307	FHA_01_000123_5	20	1246.8	1417	-0.12	0.12	4.664
176307	FHA_01_000123_5	21	876.8	1102	-0.204	0.204	7.159
176307	FHA_01_000123_5	22	678.4	837	-0.189	0.189	5.762
176307	FHA_01_000123_5	23	445.2	586	-0.24	0.24	6.201
176307	FHA_01_000123_5	24	284	368	-0.228	0.228	4.652
176314	FHA_01_000116_1	1	60.8	255	-0.762	0.762	15.455
176314	FHA_01_000116_1	2	43.2	223	-0.806	0.806	15.585
176314	FHA_01_000116_1	3	58.8	234	-0.749	0.749	14.48
176314	FHA_01_000116_1	4	64.4	298	-0.784	0.784	17.354
176314	FHA_01_000116_1	5	187.6	491	-0.618	0.618	16.471
176314	FHA_01_000116_1	6	782	1155	-0.323	0.323	11.986
176314	FHA_01_000116_1	7	1834.4	2309	-0.206	0.206	10.427
176314	FHA_01_000116_1	8	3439.2	3433	0.002	0.002	0.106
176314	FHA_01_000116_1	9	3123.2	2747	0.137	0.12	6.944
176314	FHA_01_000116_1	10	2162	2136	0.012	0.012	0.561
176314	FHA_01_000116_1	11	1974.4	2018	-0.022	0.022	0.976
176314	FHA_01_000116_1	12	1726	2031	-0.15	0.15	7.037
176314	FHA_01_000116_1	13	1422.8	2087	-0.318	0.318	15.855
176314	FHA_01_000116_1	14	1452	2109	-0.312	0.312	15.57
176314	FHA_01_000116_1	15	1595.6	2329	-0.315	0.315	16.556
176314	FHA_01_000116_1	16	1972.4	2713	-0.273	0.273	15.301
176314	FHA_01_000116_1	17	1840	2945	-0.375	0.375	22.591
176314	FHA_01_000116_1	18	1666.8	2911	-0.427	0.427	26.006
176314	FHA_01_000116_1	19	1446.8	2065	-0.299	0.299	14.753
176314	FHA_01_000116_1	20	945.6	1247	-0.242	0.242	9.103
176314	FHA_01_000116_1	21	597.6	895	-0.332	0.332	10.886
176314	FHA_01_000116_1	22	458	677	-0.323	0.323	9.193
176314	FHA_01_000116_1	23	296.4	509	-0.418	0.418	10.594
176314	FHA_01_000116_1	24	200.4	397	-0.495	0.495	11.375
18294	FHA_01_000116_5	1	45.6	295	-0.845	0.845	19.111
18294	FHA_01_000116_5	2	58.4	215	-0.728	0.728	13.394
18294	FHA_01_000116_5	3	98.4	194	-0.493	0.493	7.906
18294	FHA_01_000116_5	4	75.2	237	-0.683	0.683	12.95
18294	FHA_01_000116_5	5	131.6	485	-0.729	0.729	20.127
18294	FHA_01_000116_5	6	455.2	1135	-0.599	0.599	24.109
18294	FHA_01_000116_5	7	1023.2	1578	-0.352	0.352	15.384
18294	FHA_01_000116_5	8	1934.8	2311	-0.163	0.163	8.165
18294	FHA_01_000116_5	9	2006	1930	0.039	0.038	1.713
18294	FHA_01_000116_5	10	2064	1663	0.241	0.194	9.289
18294	FHA_01_000116_5	11	2076	1666	0.246	0.197	9.479
18294	FHA_01_000116_5	12	1988	1810	0.098	0.09	4.085
18294	FHA_01_000116_5	13	1879.6	1990	-0.055	0.055	2.51
18294	FHA_01_000116_5	14	1831.2	2155	-0.15	0.15	7.253
18294	FHA_01_000116_5	15	2083.6	2361	-0.117	0.117	5.884
18294	FHA_01_000116_5	16	2313.2	2639	-0.123	0.123	6.547
18294	FHA_01_000116_5	17	2384.4	2898	-0.177	0.177	9.994
18294	FHA_01_000116_5	18	2142.4	2975	-0.28	0.28	16.46
18294	FHA_01_000116_5	19	1803.2	2267	-0.205	0.205	10.281
18294	FHA_01_000116_5	20	1560	1775	-0.121	0.121	5.265
18294	FHA_01_000116_5	21	1034.8	1423	-0.273	0.273	11.074
18294	FHA_01_000116_5	22	734.8	1109	-0.337	0.337	12.324
18294	FHA_01_000116_5	23	580	752	-0.229	0.229	6.665
18294	FHA_01_000116_5	24	284.8	530	-0.463	0.463	12.148
185074	FHA_01_001463_1	1	81.2	61	0.331	0.249	2.396
185074	FHA_01_001463_1	2	48.4	32	0.512	0.339	2.587
185074	FHA_01_001463_1	3	65.2	33	0.976	0.494	4.595
185074	FHA_01_001463_1	4	63.2	38	0.663	0.399	3.543
185074	FHA_01_001463_1	5	237.2	69	2.438	0.709	13.594
185074	FHA_01_001463_1	6	755.2	175	3.315	0.768	26.903
185074	FHA_01_001463_1	7	1817.2	362	4.02	0.801	44.085
185074	FHA_01_001463_1	8	3690.8	516	6.153	0.86	69.224
185074	FHA_01_001463_1	9	3225.6	466	5.922	0.856	64.232
185074	FHA_01_001463_1	10	2666.4	445	4.992	0.833	56.32
185074	FHA_01_001463_1	11	2212.4	481	3.6	0.783	47.18
185074	FHA_01_001463_1	12	1930	590	2.271	0.694	37.75
185074	FHA_01_001463_1	13	1787.2	698	1.56	0.609	30.899
185074	FHA_01_001463_1	14	1783.2	736	1.423	0.587	29.506
185074	FHA_01_001463_1	15	2206.4	759	1.907	0.656	37.589
185074	FHA_01_001463_1	16	2591.6	802	2.231	0.691	43.445
185074	FHA_01_001463_1	17	2764	884	2.127	0.68	44.02
185074	FHA_01_001463_1	18	2229.2	804	1.773	0.639	36.597
185074	FHA_01_001463_1	19	1921.6	650	1.956	0.662	35.462
185074	FHA_01_001463_1	20	1308.8	498	1.628	0.619	26.976
185074	FHA_01_001463_1	21	940.8	337	1.792	0.642	23.888
185074	FHA_01_001463_1	22	664	300	1.213	0.548	16.58
185074	FHA_01_001463_1	23	408.4	172	1.374	0.579	13.877
185074	FHA_01_001463_1	24	248.4	118	1.105	0.525	9.634
19033	FHA_01_000146_5+FHA_01_031461_5	1	15.6	178	-0.912	0.912	16.506
19033	FHA_01_000146_5+FHA_01_031461_5	2	3.6	128	-0.972	0.972	15.336
19033	FHA_01_000146_5+FHA_01_031461_5	3	13.2	115	-0.885	0.885	12.715
19033	FHA_01_000146_5+FHA_01_031461_5	4	5.2	146	-0.964	0.964	16.194
19033	FHA_01_000146_5+FHA_01_031461_5	5	50.8	303	-0.832	0.832	18.962
19033	FHA_01_000146_5+FHA_01_031461_5	6	177.6	656	-0.729	0.729	23.433
19033	FHA_01_000146_5+FHA_01_031461_5	7	339.6	1075	-0.684	0.684	27.652
19033	FHA_01_000146_5+FHA_01_031461_5	8	923.2	1703	-0.458	0.458	21.52
19033	FHA_01_000146_5+FHA_01_031461_5	9	1272.4	1542	-0.175	0.175	7.187
19033	FHA_01_000146_5+FHA_01_031461_5	10	881.2	1302	-0.323	0.323	12.736
19033	FHA_01_000146_5+FHA_01_031461_5	11	742	1379	-0.462	0.462	19.561
19033	FHA_01_000146_5+FHA_01_031461_5	12	648	1469	-0.559	0.559	25.235
19033	FHA_01_000146_5+FHA_01_031461_5	13	529.6	1502	-0.647	0.647	30.51
19033	FHA_01_000146_5+FHA_01_031461_5	14	570.8	1536	-0.628	0.628	29.739
19033	FHA_01_000146_5+FHA_01_031461_5	15	557.2	1662	-0.665	0.665	33.167
19033	FHA_01_000146_5+FHA_01_031461_5	16	576.4	1859	-0.69	0.69	36.755
19033	FHA_01_000146_5+FHA_01_031461_5	17	636	1994	-0.681	0.681	37.449
19033	FHA_01_000146_5+FHA_01_031461_5	18	479.6	2104	-0.772	0.772	45.196
19033	FHA_01_000146_5+FHA_01_031461_5	19	364	1658	-0.78	0.78	40.697
19033	FHA_01_000146_5+FHA_01_031461_5	20	216.8	1250	-0.827	0.827	38.152
19033	FHA_01_000146_5+FHA_01_031461_5	21	213.2	991	-0.785	0.785	31.698
19033	FHA_01_000146_5+FHA_01_031461_5	22	119.2	754	-0.842	0.842	30.381
19033	FHA_01_000146_5+FHA_01_031461_5	23	64.4	494	-0.87	0.87	25.71
19033	FHA_01_000146_5+FHA_01_031461_5	24	41.6	337	-0.877	0.877	21.47
19034	FHA_01_021461_1	1	20	42	-0.524	0.524	3.951
19034	FHA_01_021461_1	2	0	22	-1	1	6.633
19034	FHA_01_021461_1	3	9.2	14	-0.343	0.343	1.409
19034	FHA_01_021461_1	4	13.2	23	-0.426	0.426	2.303
19034	FHA_01_021461_1	5	49.2	60	-0.18	0.18	1.462
19034	FHA_01_021461_1	6	97.2	161	-0.396	0.396	5.615
19034	FHA_01_021461_1	7	387.6	468	-0.172	0.172	3.887
19034	FHA_01_021461_1	8	947.2	781	0.213	0.175	5.654
19034	FHA_01_021461_1	9	1324.8	598	1.215	0.549	23.44
19034	FHA_01_021461_1	10	1096.8	570	0.924	0.48	18.248
19034	FHA_01_021461_1	11	679.6	675	0.007	0.007	0.177
19034	FHA_01_021461_1	12	559.6	824	-0.321	0.321	10.052
19034	FHA_01_021461_1	13	536	924	-0.42	0.42	14.361
19034	FHA_01_021461_1	14	518.8	973	-0.467	0.467	16.631
19034	FHA_01_021461_1	15	504.8	961	-0.475	0.475	16.851
19034	FHA_01_021461_1	16	525.6	933	-0.437	0.437	15.086
19034	FHA_01_021461_1	17	528.4	902	-0.414	0.414	13.97
19034	FHA_01_021461_1	18	395.2	922	-0.571	0.571	20.527
19034	FHA_01_021461_1	19	344.4	836	-0.588	0.588	20.235
19034	FHA_01_021461_1	20	232.4	672	-0.654	0.654	20.672
19034	FHA_01_021461_1	21	170	475	-0.642	0.642	16.984
19034	FHA_01_021461_1	22	136.4	299	-0.544	0.544	11.02
19034	FHA_01_021461_1	23	58.4	188	-0.689	0.689	11.676
19034	FHA_01_021461_1	24	29.2	99	-0.705	0.705	8.718
19043	FHA_01_001465_5	1	15.6	43	-0.637	0.637	5.062
19043	FHA_01_001465_5	2	3.6	21	-0.829	0.829	4.961
19043	FHA_01_001465_5	3	13.2	19	-0.305	0.305	1.445
19043	FHA_01_001465_5	4	5.2	28	-0.814	0.814	5.596
19043	FHA_01_001465_5	5	50.8	75	-0.323	0.323	3.051
19043	FHA_01_001465_5	6	177.6	208	-0.146	0.146	2.189
19043	FHA_01_001465_5	7	342	319	0.072	0.067	1.265
19043	FHA_01_001465_5	8	925.6	616	0.503	0.334	11.151
19043	FHA_01_001465_5	9	1272	475	1.678	0.627	26.967
19043	FHA_01_001465_5	10	879.2	400	1.198	0.545	18.948
19043	FHA_01_001465_5	11	741.6	425	0.745	0.427	13.109
19043	FHA_01_001465_5	12	647.2	526	0.23	0.187	5.004
19043	FHA_01_001465_5	13	529.6	622	-0.149	0.149	3.851
19043	FHA_01_001465_5	14	573.6	666	-0.139	0.139	3.711
19043	FHA_01_001465_5	15	554.8	722	-0.232	0.232	6.617
19043	FHA_01_001465_5	16	576	844	-0.318	0.318	10.058
19043	FHA_01_001465_5	17	635.6	1028	-0.382	0.382	13.606
19043	FHA_01_001465_5	18	481.2	1069	-0.55	0.55	21.113
19043	FHA_01_001465_5	19	363.2	757	-0.52	0.52	16.64
19043	FHA_01_001465_5	20	216.8	587	-0.631	0.631	18.466
19043	FHA_01_001465_5	21	212.4	426	-0.501	0.501	11.956
19043	FHA_01_001465_5	22	118.4	278	-0.574	0.574	11.337
19043	FHA_01_001465_5	23	65.6	153	-0.571	0.571	8.36
19043	FHA_01_001465_5	24	40.4	97	-0.584	0.584	6.829
193953	FHA_01_001461_1	1	20	42	-0.524	0.524	3.951
193953	FHA_01_001461_1	2	0	22	-1	1	6.633
193953	FHA_01_001461_1	3	9.2	14	-0.343	0.343	1.409
193953	FHA_01_001461_1	4	13.2	23	-0.426	0.426	2.303
193953	FHA_01_001461_1	5	49.2	60	-0.18	0.18	1.462
193953	FHA_01_001461_1	6	97.2	161	-0.396	0.396	5.615
193953	FHA_01_001461_1	7	389.6	468	-0.168	0.168	3.786
193953	FHA_01_001461_1	8	948	781	0.214	0.176	5.68
193953	FHA_01_001461_1	9	1333.6	598	1.23	0.552	23.67
193953	FHA_01_001461_1	10	1093.2	570	0.918	0.479	18.143
193953	FHA_01_001461_1	11	673.6	675	-0.002	0.002	0.054
193953	FHA_01_001461_1	12	558.8	824	-0.322	0.322	10.086
193953	FHA_01_001461_1	13	535.6	924	-0.42	0.42	14.377
193953	FHA_01_001461_1	14	520	973	-0.466	0.466	16.58
193953	FHA_01_001461_1	15	504.8	961	-0.475	0.475	16.851
193953	FHA_01_001461_1	16	524.4	933	-0.438	0.438	15.136
193953	FHA_01_001461_1	17	529.6	902	-0.413	0.413	13.919
193953	FHA_01_001461_1	18	393.6	922	-0.573	0.573	20.602
193953	FHA_01_001461_1	19	344	836	-0.589	0.589	20.255
193953	FHA_01_001461_1	20	233.2	672	-0.653	0.653	20.626
193953	FHA_01_001461_1	21	170	475	-0.642	0.642	16.984
193953	FHA_01_001461_1	22	136.8	299	-0.542	0.542	10.988
193953	FHA_01_001461_1	23	57.6	188	-0.694	0.694	11.767
193953	FHA_01_001461_1	24	29.2	99	-0.705	0.705	8.718
194566	FHA_01_000146_1+FHA_01_020146_1	1	57.6	160	-0.64	0.64	9.817
194566	FHA_01_000146_1+FHA_01_020146_1	2	46	134	-0.657	0.657	9.276
194566	FHA_01_000146_1+FHA_01_020146_1	3	56	136	-0.588	0.588	8.165
194566	FHA_01_000146_1+FHA_01_020146_1	4	50	180	-0.722	0.722	12.123
194566	FHA_01_000146_1+FHA_01_020146_1	5	188.8	314	-0.399	0.399	7.896
194566	FHA_01_000146_1+FHA_01_020146_1	6	656.4	762	-0.139	0.139	3.965
194566	FHA_01_000146_1+FHA_01_020146_1	7	1391.6	1596	-0.128	0.128	5.289
194566	FHA_01_000146_1+FHA_01_020146_1	8	2395.6	2663	-0.1	0.1	5.317
194566	FHA_01_000146_1+FHA_01_020146_1	9	1708.8	2248	-0.24	0.24	12.123
194566	FHA_01_000146_1+FHA_01_020146_1	10	1308.4	1741	-0.248	0.248	11.079
194566	FHA_01_000146_1+FHA_01_020146_1	11	1177.2	1613	-0.27	0.27	11.668
194566	FHA_01_000146_1+FHA_01_020146_1	12	984.4	1624	-0.394	0.394	17.711
194566	FHA_01_000146_1+FHA_01_020146_1	13	982.8	1679	-0.415	0.415	19.084
194566	FHA_01_000146_1+FHA_01_020146_1	14	1056	1682	-0.372	0.372	16.919
194566	FHA_01_000146_1+FHA_01_020146_1	15	1473.6	1778	-0.171	0.171	7.549
194566	FHA_01_000146_1+FHA_01_020146_1	16	1782.8	2012	-0.114	0.114	5.262
194566	FHA_01_000146_1+FHA_01_020146_1	17	1917.2	2150	-0.108	0.108	5.162
194566	FHA_01_000146_1+FHA_01_020146_1	18	1621.6	2152	-0.246	0.246	12.211
194566	FHA_01_000146_1+FHA_01_020146_1	19	1402.4	1634	-0.142	0.142	5.944
194566	FHA_01_000146_1+FHA_01_020146_1	20	952	1077	-0.116	0.116	3.924
194566	FHA_01_000146_1+FHA_01_020146_1	21	689.2	794	-0.132	0.132	3.848
194566	FHA_01_000146_1+FHA_01_020146_1	22	466.8	629	-0.258	0.258	6.929
194566	FHA_01_000146_1+FHA_01_020146_1	23	322.8	405	-0.203	0.203	4.309
194566	FHA_01_000146_1+FHA_01_020146_1	24	208	287	-0.275	0.275	5.022
198390	FHA_01_021401_3	1	16.4	60	-0.727	0.727	7.054
198390	FHA_01_021401_3	2	4	34	-0.882	0.882	6.882
198390	FHA_01_021401_3	3	17.6	25	-0.296	0.296	1.603
198390	FHA_01_021401_3	4	10	34	-0.706	0.706	5.117
198390	FHA_01_021401_3	5	55.6	85	-0.346	0.346	3.506
198390	FHA_01_021401_3	6	349.6	221	0.582	0.368	7.614
198390	FHA_01_021401_3	7	716	489	0.464	0.317	9.248
198390	FHA_01_021401_3	8	1493.2	984	0.517	0.341	14.468
198390	FHA_01_021401_3	9	1501.2	687	1.185	0.542	24.615
198390	FHA_01_021401_3	10	1393.2	614	1.269	0.559	24.596
198390	FHA_01_021401_3	11	1325.6	583	1.274	0.56	24.039
198390	FHA_01_021401_3	12	1079.2	624	0.729	0.422	15.599
198390	FHA_01_021401_3	13	939.6	700	0.342	0.255	8.368
198390	FHA_01_021401_3	14	736.8	720	0.023	0.023	0.622
198390	FHA_01_021401_3	15	642.8	726	-0.115	0.115	3.18
198390	FHA_01_021401_3	16	697.2	709	-0.017	0.017	0.445
198390	FHA_01_021401_3	17	802.8	708	0.134	0.118	3.449
198390	FHA_01_021401_3	18	768.8	748	0.028	0.027	0.755
198390	FHA_01_021401_3	19	545.2	663	-0.178	0.178	4.793
198390	FHA_01_021401_3	20	373.2	524	-0.288	0.288	7.12
198390	FHA_01_021401_3	21	244.8	418	-0.414	0.414	9.514
198390	FHA_01_021401_3	22	175.2	322	-0.456	0.456	9.311
198390	FHA_01_021401_3	23	110.4	195	-0.434	0.434	6.846
198390	FHA_01_021401_3	24	69.2	127	-0.455	0.455	5.836
202744	FHA_01_000717_1	1	143.6	339	-0.576	0.576	12.579
202744	FHA_01_000717_1	2	64	260	-0.754	0.754	15.399
202744	FHA_01_000717_1	3	98.8	250	-0.605	0.605	11.449
202744	FHA_01_000717_1	4	92	321	-0.713	0.713	15.936
202744	FHA_01_000717_1	5	317.6	545	-0.417	0.417	10.95
202744	FHA_01_000717_1	6	1133.2	1360	-0.167	0.167	6.424
202744	FHA_01_000717_1	7	2213.6	3171	-0.302	0.302	18.452
202744	FHA_01_000717_1	8	3437.2	5078	-0.323	0.323	25.146
202744	FHA_01_000717_1	9	3490.4	4492	-0.223	0.223	15.854
202744	FHA_01_000717_1	10	3102	3517	-0.118	0.118	7.214
202744	FHA_01_000717_1	11	2846.4	3253	-0.125	0.125	7.363
202744	FHA_01_000717_1	12	2722.4	3407	-0.201	0.201	12.366
202744	FHA_01_000717_1	13	2388.8	3567	-0.33	0.33	21.591
202744	FHA_01_000717_1	14	2452	3736	-0.344	0.344	23.084
202744	FHA_01_000717_1	15	2893.6	4009	-0.278	0.278	18.986
202744	FHA_01_000717_1	16	3132.4	4415	-0.291	0.291	20.879
202744	FHA_01_000717_1	17	3334.4	4678	-0.287	0.287	21.228
202744	FHA_01_000717_1	18	2920	4417	-0.339	0.339	24.716
202744	FHA_01_000717_1	19	2633.6	3336	-0.211	0.211	12.857
202744	FHA_01_000717_1	20	1941.2	2366	-0.18	0.18	9.154
202744	FHA_01_000717_1	21	1458	1845	-0.21	0.21	9.523
202744	FHA_01_000717_1	22	982	1366	-0.281	0.281	11.207
202744	FHA_01_000717_1	23	724	898	-0.194	0.194	6.11
202744	FHA_01_000717_1	24	470	615	-0.236	0.236	6.225
203597	FHA_01_021384_5	1	51.6	56	-0.079	0.079	0.6
203597	FHA_01_021384_5	2	56.8	48	0.183	0.155	1.216
203597	FHA_01_021384_5	3	60.8	45	0.351	0.26	2.172
203597	FHA_01_021384_5	4	70.4	68	0.035	0.034	0.289
203597	FHA_01_021384_5	5	158.4	127	0.247	0.198	2.629
203597	FHA_01_021384_5	6	547.6	292	0.875	0.467	12.475
203597	FHA_01_021384_5	7	1158	634	0.826	0.453	17.506
203597	FHA_01_021384_5	8	1486	1009	0.473	0.321	13.505
203597	FHA_01_021384_5	9	1831.6	805	1.275	0.56	28.274
203597	FHA_01_021384_5	10	1708	680	1.512	0.602	29.75
203597	FHA_01_021384_5	11	1616.8	647	1.499	0.6	28.826
203597	FHA_01_021384_5	12	1331.2	739	0.801	0.445	18.407
203597	FHA_01_021384_5	13	1178.4	828	0.423	0.297	11.063
203597	FHA_01_021384_5	14	1205.6	890	0.355	0.262	9.75
203597	FHA_01_021384_5	15	1218	951	0.281	0.219	8.108
203597	FHA_01_021384_5	16	1403.2	1047	0.34	0.254	10.177
203597	FHA_01_021384_5	17	1375.2	1161	0.184	0.156	6.015
203597	FHA_01_021384_5	18	1204.8	1107	0.088	0.081	2.877
203597	FHA_01_021384_5	19	942.4	860	0.096	0.087	2.745
203597	FHA_01_021384_5	20	741.2	603	0.229	0.186	5.331
203597	FHA_01_021384_5	21	560.8	445	0.26	0.206	5.164
203597	FHA_01_021384_5	22	414	304	0.362	0.266	5.806
203597	FHA_01_021384_5	23	327.2	178	0.838	0.456	9.388
203597	FHA_01_021384_5	24	158.4	117	0.354	0.261	3.528
203612	FHA_01_021382_1	1	77.2	40	0.93	0.482	4.86
203612	FHA_01_021382_1	2	50	24	1.083	0.52	4.274
203612	FHA_01_021382_1	3	56	24	1.333	0.571	5.06
203612	FHA_01_021382_1	4	48	30	0.6	0.375	2.882
203612	FHA_01_021382_1	5	170.8	66	1.588	0.614	9.631
203612	FHA_01_021382_1	6	447.2	157	1.848	0.649	16.696
203612	FHA_01_021382_1	7	1093.2	417	1.622	0.619	24.608
203612	FHA_01_021382_1	8	2377.2	761	2.124	0.68	40.801
203612	FHA_01_021382_1	9	2528	695	2.637	0.725	45.661
203612	FHA_01_021382_1	10	2154	587	2.67	0.727	42.328
203612	FHA_01_021382_1	11	1746.4	574	2.043	0.671	34.42
203612	FHA_01_021382_1	12	1670.8	619	1.699	0.63	31.085
203612	FHA_01_021382_1	13	1391.6	632	1.202	0.546	23.88
203612	FHA_01_021382_1	14	1457.6	656	1.222	0.55	24.658
203612	FHA_01_021382_1	15	1802.4	688	1.62	0.618	31.581
203612	FHA_01_021382_1	16	2064.4	702	1.941	0.66	36.632
203612	FHA_01_021382_1	17	2286	619	2.693	0.729	43.74
203612	FHA_01_021382_1	18	1906.4	608	2.136	0.681	36.619
203612	FHA_01_021382_1	19	1584	536	1.955	0.662	32.189
203612	FHA_01_021382_1	20	1017.2	404	1.518	0.603	23.003
203612	FHA_01_021382_1	21	708.4	338	1.096	0.523	16.193
203612	FHA_01_021382_1	22	439.6	251	0.751	0.429	10.149
203612	FHA_01_021382_1	23	332.8	163	1.042	0.51	10.784
203612	FHA_01_021382_1	24	190.4	93	1.047	0.512	8.182
203620	FHA_01_031381_1	1	4.4	73	-0.94	0.94	11.027
203620	FHA_01_031381_1	2	13.2	52	-0.746	0.746	6.796
203620	FHA_01_031381_1	3	11.6	51	-0.773	0.773	7.042
203620	FHA_01_031381_1	4	15.6	82	-0.81	0.81	9.505
203620	FHA_01_031381_1	5	39.2	165	-0.762	0.762	12.45
203620	FHA_01_031381_1	6	119.6	488	-0.755	0.755	21.136
203620	FHA_01_031381_1	7	258.4	1233	-0.79	0.79	35.69
203620	FHA_01_031381_1	8	289.2	1571	-0.816	0.816	42.03
203620	FHA_01_031381_1	9	260	1312	-0.802	0.802	37.524
203620	FHA_01_031381_1	10	191.2	1086	-0.824	0.824	35.409
203620	FHA_01_031381_1	11	193.2	960	-0.799	0.799	31.933
203620	FHA_01_031381_1	12	180.8	968	-0.813	0.813	32.846
203620	FHA_01_031381_1	13	211.6	984	-0.785	0.785	31.591
203620	FHA_01_031381_1	14	298.8	1035	-0.711	0.711	28.508
203620	FHA_01_031381_1	15	344	1110	-0.69	0.69	28.409
203620	FHA_01_031381_1	16	348.4	1195	-0.708	0.708	30.476
203620	FHA_01_031381_1	17	261.2	1287	-0.797	0.797	36.869
203620	FHA_01_031381_1	18	265.2	1162	-0.772	0.772	33.571
203620	FHA_01_031381_1	19	241.6	829	-0.709	0.709	25.388
203620	FHA_01_031381_1	20	209.6	551	-0.62	0.62	17.507
203620	FHA_01_031381_1	21	157.6	422	-0.627	0.627	15.531
203620	FHA_01_031381_1	22	92.8	327	-0.716	0.716	16.165
203620	FHA_01_031381_1	23	57.6	237	-0.757	0.757	14.782
203620	FHA_01_031381_1	24	49.2	162	-0.696	0.696	10.977
203621	FHA_01_021383_1	1	20.4	95	-0.785	0.785	9.821
203621	FHA_01_021383_1	2	4.4	55	-0.92	0.92	9.285
203621	FHA_01_021383_1	3	7.2	48	-0.85	0.85	7.766
203621	FHA_01_021383_1	4	6.4	49	-0.869	0.869	8.094
203621	FHA_01_021383_1	5	47.6	118	-0.597	0.597	7.737
203621	FHA_01_021383_1	6	320	314	0.019	0.019	0.337
203621	FHA_01_021383_1	7	680	553	0.23	0.187	5.115
203621	FHA_01_021383_1	8	1618.8	1064	0.521	0.343	15.148
203621	FHA_01_021383_1	9	2036.4	1015	1.006	0.502	26.149
203621	FHA_01_021383_1	10	1704.8	904	0.886	0.47	22.173
203621	FHA_01_021383_1	11	1594.4	997	0.599	0.375	16.596
203621	FHA_01_021383_1	12	1383.6	1131	0.223	0.183	7.124
203621	FHA_01_021383_1	13	1173.2	1218	-0.037	0.037	1.296
203621	FHA_01_021383_1	14	990.8	1251	-0.208	0.208	7.772
203621	FHA_01_021383_1	15	927.2	1374	-0.325	0.325	13.172
203621	FHA_01_021383_1	16	1037.6	1551	-0.331	0.331	14.27
203621	FHA_01_021383_1	17	1037.6	1612	-0.356	0.356	15.781
203621	FHA_01_021383_1	18	914.8	1565	-0.415	0.415	18.465
203621	FHA_01_021383_1	19	769.2	1234	-0.377	0.377	14.687
203621	FHA_01_021383_1	20	600.8	905	-0.336	0.336	11.086
203621	FHA_01_021383_1	21	390	644	-0.394	0.394	11.171
203621	FHA_01_021383_1	22	304.8	479	-0.364	0.364	8.8
203621	FHA_01_021383_1	23	203.6	318	-0.36	0.36	7.084
203621	FHA_01_021383_1	24	140.8	205	-0.313	0.313	4.882
203622	FHA_01_031383_5	1	20.4	36	-0.433	0.433	2.938
203622	FHA_01_031383_5	2	4.4	24	-0.817	0.817	5.201
203622	FHA_01_031383_5	3	7.2	20	-0.64	0.64	3.471
203622	FHA_01_031383_5	4	6.4	24	-0.733	0.733	4.514
203622	FHA_01_031383_5	5	47.6	55	-0.135	0.135	1.033
203622	FHA_01_031383_5	6	320	148	1.162	0.537	11.244
203622	FHA_01_031383_5	7	678	380	0.784	0.44	12.957
203622	FHA_01_031383_5	8	1614	779	1.072	0.517	24.14
203622	FHA_01_031383_5	9	2038	646	2.155	0.683	37.998
203622	FHA_01_031383_5	10	1704.4	510	2.342	0.701	35.895
203622	FHA_01_031383_5	11	1594.8	450	2.544	0.718	35.803
203622	FHA_01_031383_5	12	1384	489	1.83	0.647	29.246
203622	FHA_01_031383_5	13	1175.2	533	1.205	0.546	21.974
203622	FHA_01_031383_5	14	992	551	0.8	0.445	15.877
203622	FHA_01_031383_5	15	924	603	0.532	0.347	11.617
203622	FHA_01_031383_5	16	1039.2	701	0.482	0.325	11.465
203622	FHA_01_031383_5	17	1038	692	0.5	0.333	11.764
203622	FHA_01_031383_5	18	916	641	0.429	0.3	9.856
203622	FHA_01_031383_5	19	767.6	472	0.626	0.385	11.873
203622	FHA_01_031383_5	20	602	326	0.847	0.458	12.813
203622	FHA_01_031383_5	21	390.8	270	0.447	0.309	6.646
203622	FHA_01_031383_5	22	304.4	183	0.663	0.399	7.777
203622	FHA_01_031383_5	23	204.8	115	0.781	0.438	7.102
203622	FHA_01_031383_5	24	140.8	69	1.041	0.51	7.01
203923	FHA_01_031384_1	1	76	86	-0.116	0.116	1.111
203923	FHA_01_031384_1	2	16.8	50	-0.664	0.664	5.745
203923	FHA_01_031384_1	3	38.4	51	-0.247	0.247	1.885
203923	FHA_01_031384_1	4	55.2	80	-0.31	0.31	3.016
203923	FHA_01_031384_1	5	286.8	179	0.602	0.376	7.064
203923	FHA_01_031384_1	6	1579.2	544	1.903	0.656	31.772
203923	FHA_01_031384_1	7	2857.6	1171	1.44	0.59	37.579
203923	FHA_01_031384_1	8	4478	1289	2.474	0.712	59.387
203923	FHA_01_031384_1	9	3528.8	1066	2.31	0.698	51.382
203923	FHA_01_031384_1	10	3431.6	1101	2.117	0.679	48.956
203923	FHA_01_031384_1	11	3038	1076	1.823	0.646	43.26
203923	FHA_01_031384_1	12	2775.6	1110	1.501	0.6	37.788
203923	FHA_01_031384_1	13	2432.4	1231	0.976	0.494	28.071
203923	FHA_01_031384_1	14	2138.8	1272	0.681	0.405	20.99
203923	FHA_01_031384_1	15	2037.2	1287	0.583	0.368	18.401
203923	FHA_01_031384_1	16	2336	1277	0.829	0.453	24.916
203923	FHA_01_031384_1	17	2398	1251	0.917	0.478	26.853
203923	FHA_01_031384_1	18	2159.6	1260	0.714	0.417	21.756
203923	FHA_01_031384_1	19	1852.8	1116	0.66	0.398	19.124
203923	FHA_01_031384_1	20	1444.4	851	0.697	0.411	17.516
203923	FHA_01_031384_1	21	1084.4	628	0.727	0.421	15.598
203923	FHA_01_031384_1	22	807.6	529	0.527	0.345	10.777
203923	FHA_01_031384_1	23	602.4	334	0.804	0.446	12.404
203923	FHA_01_031384_1	24	450	187	1.406	0.584	14.737
24792	FHA_01_000148_5	1	123.2	373	-0.67	0.67	15.859
24792	FHA_01_000148_5	2	73.6	281	-0.738	0.738	15.576
24792	FHA_01_000148_5	3	109.2	250	-0.563	0.563	10.506
24792	FHA_01_000148_5	4	105.6	335	-0.685	0.685	15.456
24792	FHA_01_000148_5	5	340.8	623	-0.453	0.453	12.855
24792	FHA_01_000148_5	6	1208.8	1293	-0.065	0.065	2.381
24792	FHA_01_000148_5	7	2286	2734	-0.164	0.164	8.942
24792	FHA_01_000148_5	8	3243.6	4451	-0.271	0.271	19.466
24792	FHA_01_000148_5	9	3165.6	4017	-0.212	0.212	14.207
24792	FHA_01_000148_5	10	2944.8	3153	-0.066	0.066	3.771
24792	FHA_01_000148_5	11	2659.6	3214	-0.172	0.172	10.23
24792	FHA_01_000148_5	12	2332.8	3337	-0.301	0.301	18.86
24792	FHA_01_000148_5	13	2328.4	3518	-0.338	0.338	22.002
24792	FHA_01_000148_5	14	2436.8	3648	-0.332	0.332	21.959
24792	FHA_01_000148_5	15	2480.8	3972	-0.375	0.375	26.253
24792	FHA_01_000148_5	16	2873.2	4128	-0.304	0.304	21.208
24792	FHA_01_000148_5	17	2814.4	3944	-0.286	0.286	19.432
24792	FHA_01_000148_5	18	2627.6	3845	-0.317	0.317	21.4
24792	FHA_01_000148_5	19	2218	3150	-0.296	0.296	17.99
24792	FHA_01_000148_5	20	1802.8	2372	-0.24	0.24	12.458
24792	FHA_01_000148_5	21	1377.2	1945	-0.292	0.292	13.931
24792	FHA_01_000148_5	22	989.2	1516	-0.347	0.347	14.885
24792	FHA_01_000148_5	23	763.2	1018	-0.25	0.25	8.538
24792	FHA_01_000148_5	24	444.4	672	-0.339	0.339	9.633
26653	FHA_01_000148_1	1	137.2	341	-0.598	0.598	13.18
26653	FHA_01_000148_1	2	62	257	-0.759	0.759	15.44
26653	FHA_01_000148_1	3	96	248	-0.613	0.613	11.59
26653	FHA_01_000148_1	4	83.6	320	-0.739	0.739	16.641
26653	FHA_01_000148_1	5	303.6	536	-0.434	0.434	11.343
26653	FHA_01_000148_1	6	1119.6	1303	-0.141	0.141	5.27
26653	FHA_01_000148_1	7	2154.4	2995	-0.281	0.281	16.566
26653	FHA_01_000148_1	8	3536	4649	-0.239	0.239	17.398
26653	FHA_01_000148_1	9	3533.6	4120	-0.142	0.142	9.479
26653	FHA_01_000148_1	10	3072.4	3272	-0.061	0.061	3.544
26653	FHA_01_000148_1	11	2826.4	3072	-0.08	0.08	4.522
26653	FHA_01_000148_1	12	2606.4	3247	-0.197	0.197	11.841
26653	FHA_01_000148_1	13	2281.6	3351	-0.319	0.319	20.151
26653	FHA_01_000148_1	14	2345.6	3493	-0.328	0.328	21.236
26653	FHA_01_000148_1	15	2774.8	3796	-0.269	0.269	17.816
26653	FHA_01_000148_1	16	2899.2	4161	-0.303	0.303	21.237
26653	FHA_01_000148_1	17	3193.6	4411	-0.276	0.276	19.743
26653	FHA_01_000148_1	18	2856	4066	-0.298	0.298	20.568
26653	FHA_01_000148_1	19	2589.2	3066	-0.156	0.156	8.967
26653	FHA_01_000148_1	20	1898.8	2187	-0.132	0.132	6.376
26653	FHA_01_000148_1	21	1404	1781	-0.212	0.212	9.447
26653	FHA_01_000148_1	22	968.8	1305	-0.258	0.258	9.971
26653	FHA_01_000148_1	23	707.6	855	-0.172	0.172	5.273
26653	FHA_01_000148_1	24	465.2	585	-0.205	0.205	5.228
30246	FHA_01_001383_5	1	4.4	130	-0.966	0.966	15.322
30246	FHA_01_001383_5	2	13.2	79	-0.833	0.833	9.691
30246	FHA_01_001383_5	3	11.6	68	-0.829	0.829	8.94
30246	FHA_01_001383_5	4	15.6	73	-0.786	0.786	8.624
30246	FHA_01_001383_5	5	39.2	174	-0.775	0.775	13.056
30246	FHA_01_001383_5	6	119.6	462	-0.741	0.741	20.079
30246	FHA_01_001383_5	7	258.8	934	-0.723	0.723	27.648
30246	FHA_01_001383_5	8	290	1843	-0.843	0.843	47.554
30246	FHA_01_001383_5	9	263.2	1661	-0.842	0.842	45.065
30246	FHA_01_001383_5	10	187.6	1414	-0.867	0.867	43.338
30246	FHA_01_001383_5	11	192.8	1447	-0.867	0.867	43.801
30246	FHA_01_001383_5	12	180.4	1620	-0.889	0.889	47.981
30246	FHA_01_001383_5	13	214.4	1751	-0.878	0.878	49.017
30246	FHA_01_001383_5	14	301.6	1802	-0.833	0.833	46.264
30246	FHA_01_001383_5	15	341.2	1977	-0.827	0.827	48.047
30246	FHA_01_001383_5	16	345.6	2253	-0.847	0.847	52.916
30246	FHA_01_001383_5	17	265.2	2303	-0.885	0.885	56.867
30246	FHA_01_001383_5	18	264	2206	-0.88	0.88	55.261
30246	FHA_01_001383_5	19	239.6	1707	-0.86	0.86	47.035
30246	FHA_01_001383_5	20	209.2	1231	-0.83	0.83	38.078
30246	FHA_01_001383_5	21	157.2	914	-0.828	0.828	32.701
30246	FHA_01_001383_5	22	93.6	662	-0.859	0.859	29.243
30246	FHA_01_001383_5	23	57.2	433	-0.868	0.868	24.004
30246	FHA_01_001383_5	24	48.8	274	-0.822	0.822	17.726
48269	FHA_01_000701_3	1	58.8	61	-0.036	0.036	0.284
48269	FHA_01_000701_3	2	31.2	52	-0.4	0.4	3.225
48269	FHA_01_000701_3	3	103.6	42	1.467	0.595	7.22
48269	FHA_01_000701_3	4	71.2	49	0.453	0.312	2.864
48269	FHA_01_000701_3	5	48.8	117	-0.583	0.583	7.49
48269	FHA_01_000701_3	6	215.6	326	-0.339	0.339	6.709
48269	FHA_01_000701_3	7	398.8	518	-0.23	0.23	5.567
48269	FHA_01_000701_3	8	857.2	720	0.191	0.16	4.886
48269	FHA_01_000701_3	9	791.6	617	0.283	0.221	6.579
48269	FHA_01_000701_3	10	702	672	0.045	0.043	1.145
48269	FHA_01_000701_3	11	647.6	588	0.101	0.092	2.398
48269	FHA_01_000701_3	12	775.2	607	0.277	0.217	6.398
48269	FHA_01_000701_3	13	830.4	643	0.291	0.226	6.904
48269	FHA_01_000701_3	14	877.2	696	0.26	0.207	6.461
48269	FHA_01_000701_3	15	1175.6	807	0.457	0.314	11.707
48269	FHA_01_000701_3	16	1444.4	866	0.668	0.4	17.018
48269	FHA_01_000701_3	17	1500.4	954	0.573	0.364	15.597
48269	FHA_01_000701_3	18	1655.2	878	0.885	0.47	21.838
48269	FHA_01_000701_3	19	1618.8	662	1.445	0.591	28.333
48269	FHA_01_000701_3	20	1355.6	472	1.872	0.652	29.23
48269	FHA_01_000701_3	21	899.2	343	1.622	0.619	22.318
48269	FHA_01_000701_3	22	728.4	263	1.77	0.639	20.903
48269	FHA_01_000701_3	23	477.2	181	1.636	0.621	16.328
48269	FHA_01_000701_3	24	278.4	122	1.282	0.562	11.054
57301	FHA_01_000114_5	1	70.8	266	-0.734	0.734	15.042
57301	FHA_01_000114_5	2	42	200	-0.79	0.79	14.364
57301	FHA_01_000114_5	3	58	192	-0.698	0.698	11.985
57301	FHA_01_000114_5	4	46.4	267	-0.826	0.826	17.623
57301	FHA_01_000114_5	5	67.6	514	-0.868	0.868	26.177
57301	FHA_01_000114_5	6	243.2	1192	-0.796	0.796	35.419
57301	FHA_01_000114_5	7	681.2	1559	-0.563	0.563	26.228
57301	FHA_01_000114_5	8	1428.8	2294	-0.377	0.377	20.054
57301	FHA_01_000114_5	9	1368	1852	-0.261	0.261	12.062
57301	FHA_01_000114_5	10	1068.8	1528	-0.301	0.301	12.744
57301	FHA_01_000114_5	11	963.2	1490	-0.354	0.354	15.042
57301	FHA_01_000114_5	12	908.4	1558	-0.417	0.417	18.498
57301	FHA_01_000114_5	13	786	1676	-0.531	0.531	25.367
57301	FHA_01_000114_5	14	786	1793	-0.562	0.562	28.043
57301	FHA_01_000114_5	15	963.2	1912	-0.496	0.496	25.024
57301	FHA_01_000114_5	16	1299.2	2129	-0.39	0.39	20.043
57301	FHA_01_000114_5	17	1199.6	2261	-0.469	0.469	25.516
57301	FHA_01_000114_5	18	1079.2	2252	-0.521	0.521	28.737
57301	FHA_01_000114_5	19	959.2	1779	-0.461	0.461	22.156
57301	FHA_01_000114_5	20	604.4	1354	-0.554	0.554	23.955
57301	FHA_01_000114_5	21	389.2	1116	-0.651	0.651	26.493
57301	FHA_01_000114_5	22	284.8	883	-0.677	0.677	24.756
57301	FHA_01_000114_5	23	210.4	585	-0.64	0.64	18.784
57301	FHA_01_000114_5	24	135.2	410	-0.67	0.67	16.644
62312	FHA_01_000129_1	1	94.8	170	-0.442	0.442	6.535
62312	FHA_01_000129_1	2	10	146	-0.932	0.932	15.399
62312	FHA_01_000129_1	3	76.4	114	-0.33	0.33	3.854
62312	FHA_01_000129_1	4	44.4	139	-0.681	0.681	9.879
62312	FHA_01_000129_1	5	144.8	253	-0.428	0.428	7.672
62312	FHA_01_000129_1	6	616.8	553	0.115	0.103	2.638
62312	FHA_01_000129_1	7	1395.6	1151	0.213	0.175	6.855
62312	FHA_01_000129_1	8	2564.4	1792	0.431	0.301	16.55
62312	FHA_01_000129_1	9	2335.2	1560	0.497	0.332	17.566
62312	FHA_01_000129_1	10	2115.2	1412	0.498	0.332	16.745
62312	FHA_01_000129_1	11	2240.4	1389	0.613	0.38	19.986
62312	FHA_01_000129_1	12	2120.4	1487	0.426	0.299	14.914
62312	FHA_01_000129_1	13	1898	1637	0.159	0.138	6.208
62312	FHA_01_000129_1	14	2226.4	1795	0.24	0.194	9.621
62312	FHA_01_000129_1	15	2614.8	2070	0.263	0.208	11.257
62312	FHA_01_000129_1	16	2714	2297	0.182	0.154	8.331
62312	FHA_01_000129_1	17	2768	2461	0.125	0.111	6.004
62312	FHA_01_000129_1	18	2655.2	2293	0.158	0.136	7.282
62312	FHA_01_000129_1	19	2404	1651	0.456	0.313	16.723
62312	FHA_01_000129_1	20	1942.8	1183	0.642	0.391	19.219
62312	FHA_01_000129_1	21	1377.2	947	0.454	0.312	12.62
62312	FHA_01_000129_1	22	1058.4	713	0.484	0.326	11.606
62312	FHA_01_000129_1	23	742	484	0.533	0.348	10.421
62312	FHA_01_000129_1	24	510	319	0.599	0.375	9.381
62531	FHA_01_000717_5	1	127.6	370	-0.655	0.655	15.368
62531	FHA_01_000717_5	2	76.8	274	-0.72	0.72	14.89
62531	FHA_01_000717_5	3	108.8	243	-0.552	0.552	10.119
62531	FHA_01_000717_5	4	111.6	325	-0.657	0.657	14.443
62531	FHA_01_000717_5	5	337.2	627	-0.462	0.462	13.199
62531	FHA_01_000717_5	6	1264.4	1314	-0.038	0.038	1.381
62531	FHA_01_000717_5	7	2423.2	2753	-0.12	0.12	6.483
62531	FHA_01_000717_5	8	3329.2	4506	-0.261	0.261	18.802
62531	FHA_01_000717_5	9	3218	4138	-0.222	0.222	15.17
62531	FHA_01_000717_5	10	2952.4	3391	-0.129	0.129	7.788
62531	FHA_01_000717_5	11	2732.8	3489	-0.217	0.217	13.558
62531	FHA_01_000717_5	12	2351.6	3696	-0.364	0.364	24.448
62531	FHA_01_000717_5	13	2358	3841	-0.386	0.386	26.638
62531	FHA_01_000717_5	14	2552	3988	-0.36	0.36	25.112
62531	FHA_01_000717_5	15	2642.4	4342	-0.391	0.391	28.761
62531	FHA_01_000717_5	16	3016	4753	-0.365	0.365	27.87
62531	FHA_01_000717_5	17	2930.4	4655	-0.37	0.37	28.004
62531	FHA_01_000717_5	18	2734	4489	-0.391	0.391	29.203
62531	FHA_01_000717_5	19	2274.4	3568	-0.363	0.363	23.934
62531	FHA_01_000717_5	20	1871.2	2576	-0.274	0.274	14.946
62531	FHA_01_000717_5	21	1464.8	2077	-0.295	0.295	14.548
62531	FHA_01_000717_5	22	1072.8	1593	-0.327	0.327	14.249
62531	FHA_01_000717_5	23	786	1049	-0.251	0.251	8.683
62531	FHA_01_000717_5	24	446	679	-0.343	0.343	9.824
62751	FHA_01_000123_1	1	79.2	141	-0.438	0.438	5.89
62751	FHA_01_000123_1	2	23.6	108	-0.781	0.781	10.405
62751	FHA_01_000123_1	3	74.8	104	-0.281	0.281	3.088
62751	FHA_01_000123_1	4	50	200	-0.75	0.75	13.416
62751	FHA_01_000123_1	5	118.4	532	-0.777	0.777	22.935
62751	FHA_01_000123_1	6	568.4	1131	-0.497	0.497	19.3
62751	FHA_01_000123_1	7	1294.4	2245	-0.423	0.423	22.597
62751	FHA_01_000123_1	8	2704.4	3224	-0.161	0.161	9.544
62751	FHA_01_000123_1	9	2638.4	2626	0.005	0.005	0.242
62751	FHA_01_000123_1	10	2246.4	1889	0.189	0.159	7.86
62751	FHA_01_000123_1	11	2080	1762	0.18	0.153	7.255
62751	FHA_01_000123_1	12	1916	1811	0.058	0.055	2.432
62751	FHA_01_000123_1	13	1706.8	1810	-0.057	0.057	2.461
62751	FHA_01_000123_1	14	1906.4	1865	0.022	0.022	0.953
62751	FHA_01_000123_1	15	2487.6	2016	0.234	0.19	9.938
62751	FHA_01_000123_1	16	2506.8	2185	0.147	0.128	6.644
62751	FHA_01_000123_1	17	2696	2312	0.166	0.142	7.674
62751	FHA_01_000123_1	18	2595.6	2139	0.213	0.176	9.384
62751	FHA_01_000123_1	19	2373.6	1579	0.503	0.335	17.874
62751	FHA_01_000123_1	20	1860	1172	0.587	0.37	17.67
62751	FHA_01_000123_1	21	1328.4	905	0.468	0.319	12.67
62751	FHA_01_000123_1	22	1070.4	657	0.629	0.386	14.067
62751	FHA_01_000123_1	23	721.2	430	0.677	0.404	12.138
62751	FHA_01_000123_1	24	538.4	252	1.137	0.532	14.407
62831	FHA_01_000117_1	1	112.8	309	-0.635	0.635	13.51
62831	FHA_01_000117_1	2	40	246	-0.837	0.837	17.227
62831	FHA_01_000117_1	3	107.6	228	-0.528	0.528	9.295
62831	FHA_01_000117_1	4	74.8	281	-0.734	0.734	15.46
62831	FHA_01_000117_1	5	207.2	429	-0.517	0.517	12.436
62831	FHA_01_000117_1	6	851.6	963	-0.116	0.116	3.698
62831	FHA_01_000117_1	7	1831.2	2201	-0.168	0.168	8.236
62831	FHA_01_000117_1	8	2852.4	3263	-0.126	0.126	7.425
62831	FHA_01_000117_1	9	2945.2	2910	0.012	0.012	0.651
62831	FHA_01_000117_1	10	2290	2414	-0.051	0.051	2.557
62831	FHA_01_000117_1	11	2249.6	2334	-0.036	0.036	1.763
62831	FHA_01_000117_1	12	2258.4	2470	-0.086	0.086	4.352
62831	FHA_01_000117_1	13	1901.6	2652	-0.283	0.283	15.726
62831	FHA_01_000117_1	14	2052.4	2919	-0.297	0.297	17.382
62831	FHA_01_000117_1	15	2529.2	3289	-0.231	0.231	14.087
62831	FHA_01_000117_1	16	2771.2	3734	-0.258	0.258	16.882
62831	FHA_01_000117_1	17	2949.2	4149	-0.289	0.289	20.14
62831	FHA_01_000117_1	18	2740	3730	-0.265	0.265	17.406
62831	FHA_01_000117_1	19	2571.2	2597	-0.01	0.01	0.508
62831	FHA_01_000117_1	20	1948	1924	0.012	0.012	0.545
62831	FHA_01_000117_1	21	1489.2	1545	-0.036	0.036	1.433
62831	FHA_01_000117_1	22	1131.6	1176	-0.038	0.038	1.307
62831	FHA_01_000117_1	23	780	807	-0.033	0.033	0.958
62831	FHA_01_000117_1	24	554.8	525	0.057	0.054	1.283
66619	FHA_01_000118_1	1	87.2	304	-0.713	0.713	15.502
66619	FHA_01_000118_1	2	46	244	-0.811	0.811	16.443
66619	FHA_01_000118_1	3	91.6	223	-0.589	0.589	10.477
66619	FHA_01_000118_1	4	77.2	278	-0.722	0.722	15.068
66619	FHA_01_000118_1	5	163.6	413	-0.604	0.604	14.688
66619	FHA_01_000118_1	6	681.2	867	-0.214	0.214	6.678
66619	FHA_01_000118_1	7	1460.4	1862	-0.216	0.216	9.853
66619	FHA_01_000118_1	8	2469.6	2749	-0.102	0.102	5.47
66619	FHA_01_000118_1	9	2506.8	2516	-0.004	0.004	0.184
66619	FHA_01_000118_1	10	2015.2	2265	-0.11	0.11	5.4
66619	FHA_01_000118_1	11	1929.6	2225	-0.133	0.133	6.481
66619	FHA_01_000118_1	12	1882.8	2353	-0.2	0.2	10.217
66619	FHA_01_000118_1	13	1601.2	2536	-0.369	0.369	20.553
66619	FHA_01_000118_1	14	1808	2802	-0.355	0.355	20.704
66619	FHA_01_000118_1	15	2268.4	3192	-0.289	0.289	17.676
66619	FHA_01_000118_1	16	2418.4	3678	-0.342	0.342	22.814
66619	FHA_01_000118_1	17	2568.4	4122	-0.377	0.377	26.861
66619	FHA_01_000118_1	18	2470.8	3755	-0.342	0.342	23.017
66619	FHA_01_000118_1	19	2330.4	2567	-0.092	0.092	4.781
66619	FHA_01_000118_1	20	1770	1871	-0.054	0.054	2.367
66619	FHA_01_000118_1	21	1366.4	1498	-0.088	0.088	3.477
66619	FHA_01_000118_1	22	1066.8	1159	-0.08	0.08	2.764
66619	FHA_01_000118_1	23	746	801	-0.069	0.069	1.978
66619	FHA_01_000118_1	24	546.8	520	0.052	0.049	1.16
76481	FHA_01_000118_5	1	72.4	288	-0.749	0.749	16.061
76481	FHA_01_000118_5	2	35.6	240	-0.852	0.852	17.412
76481	FHA_01_000118_5	3	80.4	211	-0.619	0.619	10.82
76481	FHA_01_000118_5	4	97.6	311	-0.686	0.686	14.93
76481	FHA_01_000118_5	5	348.8	625	-0.442	0.442	12.517
76481	FHA_01_000118_5	6	1380.4	1397	-0.012	0.012	0.445
76481	FHA_01_000118_5	7	2270.4	2985	-0.239	0.239	13.94
76481	FHA_01_000118_5	8	3296.8	4444	-0.258	0.258	18.44
76481	FHA_01_000118_5	9	3049.6	3742	-0.185	0.185	11.882
76481	FHA_01_000118_5	10	2379.6	2704	-0.12	0.12	6.434
76481	FHA_01_000118_5	11	2106.4	2525	-0.166	0.166	8.699
76481	FHA_01_000118_5	12	1838	2471	-0.256	0.256	13.637
76481	FHA_01_000118_5	13	1779.6	2499	-0.288	0.288	15.554
76481	FHA_01_000118_5	14	1740	2515	-0.308	0.308	16.802
76481	FHA_01_000118_5	15	1963.2	2640	-0.256	0.256	14.107
76481	FHA_01_000118_5	16	2369.2	3052	-0.224	0.224	13.115
76481	FHA_01_000118_5	17	2322.4	3268	-0.289	0.289	17.885
76481	FHA_01_000118_5	18	1947.2	2985	-0.348	0.348	20.898
76481	FHA_01_000118_5	19	1598.4	2107	-0.241	0.241	11.816
76481	FHA_01_000118_5	20	1343.2	1538	-0.127	0.127	5.132
76481	FHA_01_000118_5	21	907.2	1228	-0.261	0.261	9.818
76481	FHA_01_000118_5	22	767.2	958	-0.199	0.199	6.496
76481	FHA_01_000118_5	23	544	660	-0.176	0.176	4.728
76481	FHA_01_000118_5	24	301.2	476	-0.367	0.367	8.867
76614	FHA_01_000122_5	1	42	154	-0.727	0.727	11.314
76614	FHA_01_000122_5	2	19.2	119	-0.839	0.839	12.006
76614	FHA_01_000122_5	3	59.6	115	-0.482	0.482	5.929
76614	FHA_01_000122_5	4	59.6	201	-0.703	0.703	12.387
76614	FHA_01_000122_5	5	366.4	509	-0.28	0.28	6.816
76614	FHA_01_000122_5	6	1432.8	1090	0.314	0.239	9.652
76614	FHA_01_000122_5	7	2280	2253	0.012	0.012	0.567
76614	FHA_01_000122_5	8	3667.6	3420	0.072	0.068	4.159
76614	FHA_01_000122_5	9	3461.2	2803	0.235	0.19	11.761
76614	FHA_01_000122_5	10	2684.4	1992	0.348	0.258	14.319
76614	FHA_01_000122_5	11	2345.6	1829	0.282	0.22	11.307
76614	FHA_01_000122_5	12	2012.4	1858	0.083	0.077	3.51
76614	FHA_01_000122_5	13	1875.2	1867	0.004	0.004	0.19
76614	FHA_01_000122_5	14	1784	1911	-0.066	0.066	2.955
76614	FHA_01_000122_5	15	2040.4	2095	-0.026	0.026	1.201
76614	FHA_01_000122_5	16	2260	2321	-0.026	0.026	1.275
76614	FHA_01_000122_5	17	2357.2	2502	-0.058	0.058	2.938
76614	FHA_01_000122_5	18	1916.4	2303	-0.168	0.168	8.417
76614	FHA_01_000122_5	19	1507.6	1646	-0.084	0.084	3.485
76614	FHA_01_000122_5	20	1230.4	1193	0.031	0.03	1.074
76614	FHA_01_000122_5	21	871.2	924	-0.057	0.057	1.762
76614	FHA_01_000122_5	22	697.2	675	0.033	0.032	0.848
76614	FHA_01_000122_5	23	467.2	441	0.059	0.056	1.229
76614	FHA_01_000122_5	24	285.2	264	0.08	0.074	1.279
76679	FHA_01_000122_1	1	82.4	190	-0.566	0.566	9.22
76679	FHA_01_000122_1	2	20.4	170	-0.88	0.88	15.333
76679	FHA_01_000122_1	3	78.8	122	-0.354	0.354	4.311
76679	FHA_01_000122_1	4	52.8	148	-0.643	0.643	9.501
76679	FHA_01_000122_1	5	133.6	264	-0.494	0.494	9.248
76679	FHA_01_000122_1	6	608.8	615	-0.01	0.01	0.251
76679	FHA_01_000122_1	7	1354	1413	-0.042	0.042	1.586
76679	FHA_01_000122_1	8	2636.8	2227	0.184	0.155	8.31
76679	FHA_01_000122_1	9	2626.8	1936	0.357	0.263	14.463
76679	FHA_01_000122_1	10	2270.8	1677	0.354	0.261	13.365
76679	FHA_01_000122_1	11	2101.6	1634	0.286	0.222	10.82
76679	FHA_01_000122_1	12	1908.8	1753	0.089	0.082	3.641
76679	FHA_01_000122_1	13	1751.2	1938	-0.096	0.096	4.349
76679	FHA_01_000122_1	14	1943.6	2152	-0.097	0.097	4.605
76679	FHA_01_000122_1	15	2497.6	2426	0.03	0.029	1.443
76679	FHA_01_000122_1	16	2603.2	3012	-0.136	0.136	7.715
76679	FHA_01_000122_1	17	2787.2	3362	-0.171	0.171	10.366
76679	FHA_01_000122_1	18	2608	3217	-0.189	0.189	11.285
76679	FHA_01_000122_1	19	2389.2	2179	0.096	0.088	4.398
76679	FHA_01_000122_1	20	1855.6	1475	0.258	0.205	9.327
76679	FHA_01_000122_1	21	1336.8	1160	0.152	0.132	5.004
76679	FHA_01_000122_1	22	1083.6	879	0.233	0.189	6.531
76679	FHA_01_000122_1	23	722.8	614	0.177	0.151	4.208
76679	FHA_01_000122_1	24	529.2	379	0.396	0.284	7.048
78445	FHA_01_001401_5	1	165.2	39	3.236	0.764	12.49
78445	FHA_01_001401_5	2	56.4	20	1.82	0.645	5.889
78445	FHA_01_001401_5	3	124.4	16	6.775	0.871	12.938
78445	FHA_01_001401_5	4	84	26	2.231	0.69	7.821
78445	FHA_01_001401_5	5	259.6	81	2.205	0.688	13.686
78445	FHA_01_001401_5	6	1141.2	258	3.423	0.774	33.391
78445	FHA_01_001401_5	7	2195.6	799	1.748	0.636	36.093
78445	FHA_01_001401_5	8	4196.4	1330	2.155	0.683	54.529
78445	FHA_01_001401_5	9	4106	1349	2.044	0.671	52.79
78445	FHA_01_001401_5	10	2979.6	981	2.037	0.671	44.912
78445	FHA_01_001401_5	11	2458.8	829	1.966	0.663	40.197
78445	FHA_01_001401_5	12	2465.6	862	1.86	0.65	39.314
78445	FHA_01_001401_5	13	2663.2	915	1.911	0.656	41.331
78445	FHA_01_001401_5	14	3272	956	2.423	0.708	50.372
78445	FHA_01_001401_5	15	3768.8	932	3.044	0.753	58.514
78445	FHA_01_001401_5	16	4474.4	999	3.479	0.777	66.434
78445	FHA_01_001401_5	17	4348.8	1016	3.28	0.766	64.35
78445	FHA_01_001401_5	18	3984.8	1027	2.88	0.742	59.086
78445	FHA_01_001401_5	19	3493.6	823	3.245	0.764	57.485
78445	FHA_01_001401_5	20	2880	544	4.294	0.811	56.457
78445	FHA_01_001401_5	21	2236	395	4.661	0.823	50.758
78445	FHA_01_001401_5	22	1479.2	288	4.136	0.805	40.073
78445	FHA_01_001401_5	23	1021.6	168	5.081	0.836	35
78445	FHA_01_001401_5	24	623.6	89	6.007	0.857	28.322
79982	FHA_01_000134_1	1	105.2	379	-0.722	0.722	17.597
79982	FHA_01_000134_1	2	62.8	289	-0.783	0.783	17.055
79982	FHA_01_000134_1	3	78.4	288	-0.728	0.728	15.486
79982	FHA_01_000134_1	4	76.4	372	-0.795	0.795	19.742
79982	FHA_01_000134_1	5	278.8	640	-0.564	0.564	16.852
79982	FHA_01_000134_1	6	864.4	1544	-0.44	0.44	19.584
79982	FHA_01_000134_1	7	2170.4	3307	-0.344	0.344	21.719
79982	FHA_01_000134_1	8	4745.2	4926	-0.037	0.037	2.6
79982	FHA_01_000134_1	9	4268.4	4058	0.052	0.049	3.261
79982	FHA_01_000134_1	10	3531.2	3512	0.005	0.005	0.324
79982	FHA_01_000134_1	11	2974.8	3420	-0.13	0.13	7.873
79982	FHA_01_000134_1	12	2789.6	3630	-0.232	0.232	14.834
79982	FHA_01_000134_1	13	2515.6	3884	-0.352	0.352	24.191
79982	FHA_01_000134_1	14	2482.8	4055	-0.388	0.388	27.498
79982	FHA_01_000134_1	15	3088.8	4236	-0.271	0.271	18.956
79982	FHA_01_000134_1	16	3593.2	4414	-0.186	0.186	12.972
79982	FHA_01_000134_1	17	3792.4	4656	-0.185	0.185	13.287
79982	FHA_01_000134_1	18	3174.4	4465	-0.289	0.289	20.882
79982	FHA_01_000134_1	19	2659.6	3696	-0.28	0.28	18.385
79982	FHA_01_000134_1	20	1821.2	2746	-0.337	0.337	19.353
79982	FHA_01_000134_1	21	1294	2093	-0.382	0.382	19.416
79982	FHA_01_000134_1	22	904.8	1614	-0.439	0.439	19.984
79982	FHA_01_000134_1	23	596	1019	-0.415	0.415	14.886
79982	FHA_01_000134_1	24	343.6	666	-0.484	0.484	14.349
79983	FHA_01_000134_5	1	75.6	376	-0.799	0.799	19.991
79983	FHA_01_000134_5	2	65.2	266	-0.755	0.755	15.604
79983	FHA_01_000134_5	3	73.6	242	-0.696	0.696	13.406
79983	FHA_01_000134_5	4	80.8	299	-0.73	0.73	15.834
79983	FHA_01_000134_5	5	230.4	617	-0.627	0.627	18.782
79983	FHA_01_000134_5	6	946.8	1335	-0.291	0.291	11.493
79983	FHA_01_000134_5	7	2030.8	2380	-0.147	0.147	7.436
79983	FHA_01_000134_5	8	3823.2	3769	0.014	0.014	0.88
79983	FHA_01_000134_5	9	4697.2	3605	0.303	0.233	16.952
79983	FHA_01_000134_5	10	3958	3092	0.28	0.219	14.586
79983	FHA_01_000134_5	11	3662.4	3246	0.128	0.114	7.085
79983	FHA_01_000134_5	12	3216.4	3463	-0.071	0.071	4.267
79983	FHA_01_000134_5	13	2823.6	3527	-0.199	0.199	12.483
79983	FHA_01_000134_5	14	2865.2	3562	-0.196	0.196	12.292
79983	FHA_01_000134_5	15	2894.4	3795	-0.237	0.237	15.572
79983	FHA_01_000134_5	16	3303.6	4225	-0.218	0.218	15.018
79983	FHA_01_000134_5	17	3143.2	4504	-0.302	0.302	22.007
79983	FHA_01_000134_5	18	2674	4567	-0.414	0.414	31.461
79983	FHA_01_000134_5	19	2125.2	3585	-0.407	0.407	27.32
79983	FHA_01_000134_5	20	1574.4	2615	-0.398	0.398	22.736
79983	FHA_01_000134_5	21	1103.6	2016	-0.453	0.453	23.102
79983	FHA_01_000134_5	22	778	1541	-0.495	0.495	22.407
79983	FHA_01_000134_5	23	572.8	1049	-0.454	0.454	16.723
79983	FHA_01_000134_5	24	307.2	708	-0.566	0.566	17.79
79986	FHA_01_001384_1	1	77.2	142	-0.456	0.456	6.19
79986	FHA_01_001384_1	2	50	98	-0.49	0.49	5.58
79986	FHA_01_001384_1	3	56.4	95	-0.406	0.406	4.436
79986	FHA_01_001384_1	4	50	148	-0.662	0.662	9.849
79986	FHA_01_001384_1	5	168.4	306	-0.45	0.45	8.934
79986	FHA_01_001384_1	6	450	836	-0.462	0.462	15.222
79986	FHA_01_001384_1	7	1102.8	1805	-0.389	0.389	18.416
79986	FHA_01_001384_1	8	2390.8	2298	0.04	0.039	1.917
79986	FHA_01_001384_1	9	2521.6	1871	0.348	0.258	13.883
79986	FHA_01_001384_1	10	2152	1781	0.208	0.172	8.366
79986	FHA_01_001384_1	11	1744.4	1722	0.013	0.013	0.538
79986	FHA_01_001384_1	12	1671.6	1849	-0.096	0.096	4.228
79986	FHA_01_001384_1	13	1388	2058	-0.326	0.326	16.141
79986	FHA_01_001384_1	14	1459.2	2162	-0.325	0.325	16.517
79986	FHA_01_001384_1	15	1803.2	2238	-0.194	0.194	9.673
79986	FHA_01_001384_1	16	2070.4	2324	-0.109	0.109	5.41
79986	FHA_01_001384_1	17	2281.2	2413	-0.055	0.055	2.721
79986	FHA_01_001384_1	18	1904.8	2367	-0.195	0.195	10.001
79986	FHA_01_001384_1	19	1581.6	1976	-0.2	0.2	9.351
79986	FHA_01_001384_1	20	1010	1454	-0.305	0.305	12.65
79986	FHA_01_001384_1	21	707.2	1073	-0.341	0.341	12.261
79986	FHA_01_001384_1	22	440.8	833	-0.471	0.471	15.541
79986	FHA_01_001384_1	23	335.2	513	-0.347	0.347	8.634
79986	FHA_01_001384_1	24	184.8	303	-0.39	0.39	7.569
81860	FHA_01_000115_5	1	38	280	-0.864	0.864	19.192
81860	FHA_01_000115_5	2	54	201	-0.731	0.731	13.019
81860	FHA_01_000115_5	3	81.2	181	-0.551	0.551	8.716
81860	FHA_01_000115_5	4	87.2	239	-0.635	0.635	11.886
81860	FHA_01_000115_5	5	122	480	-0.746	0.746	20.635
81860	FHA_01_000115_5	6	422	1160	-0.636	0.636	26.24
81860	FHA_01_000115_5	7	883.2	1562	-0.435	0.435	19.413
81860	FHA_01_000115_5	8	1799.6	2285	-0.212	0.212	10.741
81860	FHA_01_000115_5	9	1656.4	1897	-0.127	0.127	5.708
81860	FHA_01_000115_5	10	1498.4	1572	-0.047	0.047	1.878
81860	FHA_01_000115_5	11	1517.2	1549	-0.021	0.021	0.812
81860	FHA_01_000115_5	12	1469.2	1669	-0.12	0.12	5.044
81860	FHA_01_000115_5	13	1355.2	1784	-0.24	0.24	10.823
81860	FHA_01_000115_5	14	1372.4	1913	-0.283	0.283	13.338
81860	FHA_01_000115_5	15	1449.2	2089	-0.306	0.306	15.211
81860	FHA_01_000115_5	16	1537.2	2302	-0.332	0.332	17.456
81860	FHA_01_000115_5	17	1644	2536	-0.352	0.352	19.512
81860	FHA_01_000115_5	18	1479.6	2590	-0.429	0.429	24.616
81860	FHA_01_000115_5	19	1354.8	1973	-0.313	0.313	15.155
81860	FHA_01_000115_5	20	1142.8	1494	-0.235	0.235	9.672
81860	FHA_01_000115_5	21	775.6	1215	-0.362	0.362	13.928
81860	FHA_01_000115_5	22	536.4	959	-0.441	0.441	15.455
81860	FHA_01_000115_5	23	419.6	648	-0.352	0.352	9.886
81860	FHA_01_000115_5	24	202.8	458	-0.557	0.557	14.04
97470	FHA_01_001382_5	1	72	135	-0.467	0.467	6.193
97470	FHA_01_001382_5	2	20	95	-0.789	0.789	9.891
97470	FHA_01_001382_5	3	52	83	-0.373	0.373	3.773
97470	FHA_01_001382_5	4	41.2	114	-0.639	0.639	8.264
97470	FHA_01_001382_5	5	167.2	243	-0.312	0.312	5.293
97470	FHA_01_001382_5	6	694.4	563	0.233	0.189	5.241
97470	FHA_01_001382_5	7	1161.2	1396	-0.168	0.168	6.566
97470	FHA_01_001382_5	8	1600	2339	-0.316	0.316	16.652
97470	FHA_01_001382_5	9	1562.8	2044	-0.235	0.235	11.331
97470	FHA_01_001382_5	10	1348	1599	-0.157	0.157	6.539
97470	FHA_01_001382_5	11	1163.2	1601	-0.273	0.273	11.776
97470	FHA_01_001382_5	12	1030.8	1679	-0.386	0.386	17.61
97470	FHA_01_001382_5	13	1172.8	1751	-0.33	0.33	15.122
97470	FHA_01_001382_5	14	1328	1807	-0.265	0.265	12.099
97470	FHA_01_001382_5	15	1412.8	2037	-0.306	0.306	15.029
97470	FHA_01_001382_5	16	1540.4	2150	-0.284	0.284	14.191
97470	FHA_01_001382_5	17	1550.4	2045	-0.242	0.242	11.665
97470	FHA_01_001382_5	18	1520.4	1974	-0.23	0.23	10.852
97470	FHA_01_001382_5	19	1392.4	1614	-0.137	0.137	5.716
97470	FHA_01_001382_5	20	1173.6	1156	0.015	0.015	0.516
97470	FHA_01_001382_5	21	947.2	913	0.037	0.036	1.121
97470	FHA_01_001382_5	22	669.6	710	-0.057	0.057	1.538
97470	FHA_01_001382_5	23	456.4	452	0.01	0.01	0.206
97470	FHA_01_001382_5	24	296.4	270	0.098	0.089	1.569
97472	FHA_01_031382_5	1	55.6	95	-0.415	0.415	4.54
97472	FHA_01_031382_5	2	52.8	71	-0.256	0.256	2.313
97472	FHA_01_031382_5	3	60.8	60	0.013	0.013	0.103
97472	FHA_01_031382_5	4	70.4	85	-0.172	0.172	1.656
97472	FHA_01_031382_5	5	165.2	177	-0.067	0.067	0.902
97472	FHA_01_031382_5	6	543.2	406	0.338	0.253	6.298
97472	FHA_01_031382_5	7	1165.6	979	0.191	0.16	5.698
97472	FHA_01_031382_5	8	1489.2	1578	-0.056	0.056	2.268
97472	FHA_01_031382_5	9	1827.2	1350	0.353	0.261	11.973
97472	FHA_01_031382_5	10	1707.6	1012	0.687	0.407	18.863
97472	FHA_01_031382_5	11	1614.8	1026	0.574	0.365	16.204
97472	FHA_01_031382_5	12	1333.2	1060	0.258	0.205	7.898
97472	FHA_01_031382_5	13	1180.4	1120	0.054	0.051	1.781
97472	FHA_01_031382_5	14	1205.6	1151	0.047	0.045	1.591
97472	FHA_01_031382_5	15	1218.4	1349	-0.097	0.097	3.645
97472	FHA_01_031382_5	16	1401.6	1448	-0.032	0.032	1.229
97472	FHA_01_031382_5	17	1380	1426	-0.032	0.032	1.228
97472	FHA_01_031382_5	18	1204.4	1366	-0.118	0.118	4.508
97472	FHA_01_031382_5	19	934	1079	-0.134	0.134	4.57
97472	FHA_01_031382_5	20	740.4	752	-0.015	0.015	0.425
97472	FHA_01_031382_5	21	559.2	576	-0.029	0.029	0.705
97472	FHA_01_031382_5	22	412	459	-0.102	0.102	2.252
97472	FHA_01_031382_5	23	331.2	289	0.146	0.127	2.396
97472	FHA_01_031382_5	24	154	177	-0.13	0.13	1.788
98424	FHA_01_000422_3	1	13.2	83	-0.841	0.841	10.064
98424	FHA_01_000422_3	2	2.8	53	-0.947	0.947	9.504
98424	FHA_01_000422_3	3	6.8	48	-0.858	0.858	7.871
98424	FHA_01_000422_3	4	9.6	76	-0.874	0.874	10.15
98424	FHA_01_000422_3	5	85.6	107	-0.2	0.2	2.181
98424	FHA_01_000422_3	6	286.8	295	-0.028	0.028	0.481
98424	FHA_01_000422_3	7	581.6	510	0.14	0.123	3.065
98424	FHA_01_000422_3	8	820.4	716	0.146	0.127	3.767
98424	FHA_01_000422_3	9	760	631	0.204	0.17	4.891
98424	FHA_01_000422_3	10	564.8	503	0.123	0.109	2.675
98424	FHA_01_000422_3	11	613.6	455	0.349	0.258	6.861
98424	FHA_01_000422_3	12	578.8	492	0.176	0.15	3.751
98424	FHA_01_000422_3	13	467.2	515	-0.093	0.093	2.157
98424	FHA_01_000422_3	14	545.6	541	0.009	0.008	0.197
98424	FHA_01_000422_3	15	672.4	578	0.163	0.14	3.775
98424	FHA_01_000422_3	16	710	651	0.091	0.083	2.262
98424	FHA_01_000422_3	17	649.2	615	0.056	0.053	1.36
98424	FHA_01_000422_3	18	491.6	583	-0.157	0.157	3.943
98424	FHA_01_000422_3	19	375.2	559	-0.329	0.329	8.504
98424	FHA_01_000422_3	20	278.4	454	-0.387	0.387	9.176
98424	FHA_01_000422_3	21	199.2	353	-0.436	0.436	9.256
98424	FHA_01_000422_3	22	141.2	294	-0.52	0.52	10.358
98424	FHA_01_000422_3	23	52.8	209	-0.747	0.747	13.652
98424	FHA_01_000422_3	24	25.2	139	-0.819	0.819	12.559
98425	FHA_01_000422_7	1	19.2	106	-0.819	0.819	10.971
98425	FHA_01_000422_7	2	3.6	71	-0.949	0.949	11.036
98425	FHA_01_000422_7	3	14.8	52	-0.715	0.715	6.437
98425	FHA_01_000422_7	4	4.8	48	-0.9	0.9	8.408
98425	FHA_01_000422_7	5	22	72	-0.694	0.694	7.293
98425	FHA_01_000422_7	6	93.2	132	-0.294	0.294	3.656
98425	FHA_01_000422_7	7	283.2	252	0.124	0.11	1.907
98425	FHA_01_000422_7	8	753.2	446	0.689	0.408	12.546
98425	FHA_01_000422_7	9	770.4	449	0.716	0.417	13.016
98425	FHA_01_000422_7	10	767.2	420	0.827	0.453	14.251
98425	FHA_01_000422_7	11	686	442	0.552	0.356	10.274
98425	FHA_01_000422_7	12	668.4	478	0.398	0.285	7.953
98425	FHA_01_000422_7	13	638.4	535	0.193	0.162	4.269
98425	FHA_01_000422_7	14	681.2	565	0.206	0.171	4.655
98425	FHA_01_000422_7	15	716.4	652	0.099	0.09	2.462
98425	FHA_01_000422_7	16	724.4	722	0.003	0.003	0.089
98425	FHA_01_000422_7	17	702.8	733	-0.041	0.041	1.127
98425	FHA_01_000422_7	18	684	768	-0.109	0.109	3.118
98425	FHA_01_000422_7	19	593.2	690	-0.14	0.14	3.822
98425	FHA_01_000422_7	20	412.8	582	-0.291	0.291	7.587
98425	FHA_01_000422_7	21	244	427	-0.429	0.429	9.991
98425	FHA_01_000422_7	22	201.2	347	-0.42	0.42	8.806
98425	FHA_01_000422_7	23	135.2	274	-0.507	0.507	9.704
98425	FHA_01_000422_7	24	56.8	209	-0.728	0.728	13.202
