Link Id	Count Station Id	Hour	MATSIM volumes	Count volumes	Relative Error	Normalized Relative Error	GEH
13484	FHA_01_001402_5+FHA_01_021402_5	1	0	75	-1	1	12.247
13484	FHA_01_001402_5+FHA_01_021402_5	2	3.6	41	-0.912	0.912	7.92
13484	FHA_01_001402_5+FHA_01_021402_5	3	15.2	31	-0.51	0.51	3.287
13484	FHA_01_001402_5+FHA_01_021402_5	4	57.2	32	0.788	0.441	3.773
13484	FHA_01_001402_5+FHA_01_021402_5	5	275.2	54	4.096	0.804	17.241
13484	FHA_01_001402_5+FHA_01_021402_5	6	638	146	3.37	0.771	24.85
13484	FHA_01_001402_5+FHA_01_021402_5	7	1117.2	376	1.971	0.663	27.126
13484	FHA_01_001402_5+FHA_01_021402_5	8	1271.6	714	0.781	0.439	17.697
13484	FHA_01_001402_5+FHA_01_021402_5	9	1366.4	706	0.935	0.483	20.516
13484	FHA_01_001402_5+FHA_01_021402_5	10	1223.6	656	0.865	0.464	18.515
13484	FHA_01_001402_5+FHA_01_021402_5	11	979.6	675	0.451	0.311	10.59
13484	FHA_01_001402_5+FHA_01_021402_5	12	994.8	752	0.323	0.244	8.216
13484	FHA_01_001402_5+FHA_01_021402_5	13	940.8	808	0.164	0.141	4.491
13484	FHA_01_001402_5+FHA_01_021402_5	14	1144.4	805	0.422	0.297	10.871
13484	FHA_01_001402_5+FHA_01_021402_5	15	1189.2	828	0.436	0.304	11.373
13484	FHA_01_001402_5+FHA_01_021402_5	16	1329.6	901	0.476	0.322	12.834
13484	FHA_01_001402_5+FHA_01_021402_5	17	1308.4	984	0.33	0.248	9.582
13484	FHA_01_001402_5+FHA_01_021402_5	18	1289.6	964	0.338	0.252	9.7
13484	FHA_01_001402_5+FHA_01_021402_5	19	1085.2	716	0.516	0.34	12.303
13484	FHA_01_001402_5+FHA_01_021402_5	20	924.8	533	0.735	0.424	14.512
13484	FHA_01_001402_5+FHA_01_021402_5	21	801.6	424	0.891	0.471	15.254
13484	FHA_01_001402_5+FHA_01_021402_5	22	634.4	329	0.928	0.481	13.915
13484	FHA_01_001402_5+FHA_01_021402_5	23	624	226	1.761	0.638	19.306
13484	FHA_01_001402_5+FHA_01_021402_5	24	506	141	2.589	0.721	20.293
139305	FHA_01_001462_1	1	4	14	-0.714	0.714	3.333
139305	FHA_01_001462_1	2	2.8	7	-0.6	0.6	1.897
139305	FHA_01_001462_1	3	8	8	0	0	0
139305	FHA_01_001462_1	4	76.4	11	5.945	0.856	9.893
139305	FHA_01_001462_1	5	292.8	17	16.224	0.942	22.16
139305	FHA_01_001462_1	6	685.6	39	16.579	0.943	33.97
139305	FHA_01_001462_1	7	1008.8	95	9.619	0.906	38.897
139305	FHA_01_001462_1	8	1321.2	177	6.464	0.866	41.805
139305	FHA_01_001462_1	9	1200.4	184	5.524	0.847	38.632
139305	FHA_01_001462_1	10	882	190	3.642	0.785	29.89
139305	FHA_01_001462_1	11	758.4	211	2.594	0.722	24.864
139305	FHA_01_001462_1	12	674.4	231	1.919	0.657	20.84
139305	FHA_01_001462_1	13	678.4	272	1.494	0.599	18.643
139305	FHA_01_001462_1	14	582.4	275	1.118	0.528	14.847
139305	FHA_01_001462_1	15	746.4	263	1.838	0.648	21.517
139305	FHA_01_001462_1	16	819.2	286	1.864	0.651	22.682
139305	FHA_01_001462_1	17	820	327	1.508	0.601	20.586
139305	FHA_01_001462_1	18	728	325	1.24	0.554	17.563
139305	FHA_01_001462_1	19	652.8	257	1.54	0.606	18.557
139305	FHA_01_001462_1	20	592	184	2.217	0.689	20.713
139305	FHA_01_001462_1	21	479.6	176	1.725	0.633	16.769
139305	FHA_01_001462_1	22	324.4	104	2.119	0.679	15.059
139305	FHA_01_001462_1	23	278	55	4.055	0.802	17.282
139305	FHA_01_001462_1	24	185.6	26	6.138	0.86	15.516
139543	FHA_01_001464_5	1	0	69	-1	1	11.747
139543	FHA_01_001464_5	2	0	35	-1	1	8.367
139543	FHA_01_001464_5	3	2.8	27	-0.896	0.896	6.269
139543	FHA_01_001464_5	4	39.2	31	0.265	0.209	1.384
139543	FHA_01_001464_5	5	180.4	54	2.341	0.701	11.676
139543	FHA_01_001464_5	6	425.2	136	2.126	0.68	17.265
139543	FHA_01_001464_5	7	794	447	0.776	0.437	13.93
139543	FHA_01_001464_5	8	1030.4	818	0.26	0.206	6.987
139543	FHA_01_001464_5	9	1147.2	836	0.372	0.271	9.883
139543	FHA_01_001464_5	10	849.2	719	0.181	0.153	4.65
139543	FHA_01_001464_5	11	614	741	-0.171	0.171	4.879
139543	FHA_01_001464_5	12	463.2	850	-0.455	0.455	15.095
139543	FHA_01_001464_5	13	466	882	-0.472	0.472	16.024
139543	FHA_01_001464_5	14	507.6	840	-0.396	0.396	12.805
139543	FHA_01_001464_5	15	573.2	839	-0.317	0.317	10.003
139543	FHA_01_001464_5	16	660.4	899	-0.265	0.265	8.545
139543	FHA_01_001464_5	17	654	904	-0.277	0.277	8.957
139543	FHA_01_001464_5	18	620.4	890	-0.303	0.303	9.81
139543	FHA_01_001464_5	19	494.8	661	-0.251	0.251	6.914
139543	FHA_01_001464_5	20	373.2	460	-0.189	0.189	4.253
139543	FHA_01_001464_5	21	301.6	338	-0.108	0.108	2.035
139543	FHA_01_001464_5	22	260.8	256	0.019	0.018	0.299
139543	FHA_01_001464_5	23	213.2	184	0.159	0.137	2.072
139543	FHA_01_001464_5	24	134.8	121	0.114	0.102	1.22
141936	FHA_01_000119_1	1	2.8	317	-0.991	0.991	24.847
141936	FHA_01_000119_1	2	0	251	-1	1	22.405
141936	FHA_01_000119_1	3	8	228	-0.965	0.965	20.253
141936	FHA_01_000119_1	4	42.4	264	-0.839	0.839	17.904
141936	FHA_01_000119_1	5	287.6	396	-0.274	0.274	5.863
141936	FHA_01_000119_1	6	945.6	775	0.22	0.18	5.816
141936	FHA_01_000119_1	7	1549.2	1617	-0.042	0.042	1.704
141936	FHA_01_000119_1	8	2126	2429	-0.125	0.125	6.349
141936	FHA_01_000119_1	9	2069.6	2229	-0.072	0.072	3.438
141936	FHA_01_000119_1	10	1764	2128	-0.171	0.171	8.251
141936	FHA_01_000119_1	11	1573.6	2177	-0.277	0.277	13.934
141936	FHA_01_000119_1	12	1592.4	2277	-0.301	0.301	15.564
141936	FHA_01_000119_1	13	1614.4	2512	-0.357	0.357	19.761
141936	FHA_01_000119_1	14	2048	2632	-0.222	0.222	12.073
141936	FHA_01_000119_1	15	2472.8	2937	-0.158	0.158	8.925
141936	FHA_01_000119_1	16	2841.2	3469	-0.181	0.181	11.177
141936	FHA_01_000119_1	17	2997.2	3852	-0.222	0.222	14.607
141936	FHA_01_000119_1	18	2965.6	3762	-0.212	0.212	13.731
141936	FHA_01_000119_1	19	2527.2	2467	0.024	0.024	1.205
141936	FHA_01_000119_1	20	2208	1774	0.245	0.197	9.726
141936	FHA_01_000119_1	21	1730	1402	0.234	0.19	8.289
141936	FHA_01_000119_1	22	1494.8	1126	0.328	0.247	10.188
141936	FHA_01_000119_1	23	1244	797	0.561	0.359	13.993
141936	FHA_01_000119_1	24	1206.8	556	1.171	0.539	21.921
14240	FHA_01_000114_1	1	0	269	-1	1	23.195
14240	FHA_01_000114_1	2	4	213	-0.981	0.981	20.065
14240	FHA_01_000114_1	3	5.2	202	-0.974	0.974	19.335
14240	FHA_01_000114_1	4	46.8	246	-0.81	0.81	16.463
14240	FHA_01_000114_1	5	178	374	-0.524	0.524	11.798
14240	FHA_01_000114_1	6	610.8	825	-0.26	0.26	7.994
14240	FHA_01_000114_1	7	989.2	1395	-0.291	0.291	11.753
14240	FHA_01_000114_1	8	1314	1916	-0.314	0.314	14.98
14240	FHA_01_000114_1	9	1272	1607	-0.208	0.208	8.83
14240	FHA_01_000114_1	10	963.6	1478	-0.348	0.348	14.722
14240	FHA_01_000114_1	11	844.4	1529	-0.448	0.448	19.873
14240	FHA_01_000114_1	12	748.4	1584	-0.528	0.528	24.469
14240	FHA_01_000114_1	13	742	1693	-0.562	0.562	27.255
14240	FHA_01_000114_1	14	789.6	1684	-0.531	0.531	25.432
14240	FHA_01_000114_1	15	863.2	1844	-0.532	0.532	26.658
14240	FHA_01_000114_1	16	1097.2	2125	-0.484	0.484	25.606
14240	FHA_01_000114_1	17	1236	2367	-0.478	0.478	26.647
14240	FHA_01_000114_1	18	1136.4	2492	-0.544	0.544	31.827
14240	FHA_01_000114_1	19	1045.2	1683	-0.379	0.379	17.269
14240	FHA_01_000114_1	20	771.6	1100	-0.299	0.299	10.735
14240	FHA_01_000114_1	21	528	808	-0.347	0.347	10.834
14240	FHA_01_000114_1	22	456	619	-0.263	0.263	7.031
14240	FHA_01_000114_1	23	376.8	486	-0.225	0.225	5.258
14240	FHA_01_000114_1	24	258.8	377	-0.314	0.314	6.629
14256	FHA_01_000115_1	1	4	255	-0.984	0.984	22.057
14256	FHA_01_000115_1	2	6.8	214	-0.968	0.968	19.72
14256	FHA_01_000115_1	3	22.4	211	-0.894	0.894	17.458
14256	FHA_01_000115_1	4	48.8	266	-0.817	0.817	17.312
14256	FHA_01_000115_1	5	170.4	444	-0.616	0.616	15.61
14256	FHA_01_000115_1	6	486	943	-0.485	0.485	17.097
14256	FHA_01_000115_1	7	882.8	1715	-0.485	0.485	23.091
14256	FHA_01_000115_1	8	1445.6	2302	-0.372	0.372	19.784
14256	FHA_01_000115_1	9	1413.6	1890	-0.252	0.252	11.722
14256	FHA_01_000115_1	10	1120.8	1669	-0.328	0.328	14.678
14256	FHA_01_000115_1	11	759.2	1691	-0.551	0.551	26.622
14256	FHA_01_000115_1	12	715.6	1720	-0.584	0.584	28.782
14256	FHA_01_000115_1	13	668	1830	-0.635	0.635	32.879
14256	FHA_01_000115_1	14	860	1821	-0.528	0.528	26.248
14256	FHA_01_000115_1	15	1078	1958	-0.449	0.449	22.586
14256	FHA_01_000115_1	16	1227.2	2234	-0.451	0.451	24.202
14256	FHA_01_000115_1	17	1204.8	2478	-0.514	0.514	29.67
14256	FHA_01_000115_1	18	1263.2	2517	-0.498	0.498	28.839
14256	FHA_01_000115_1	19	1034.4	1753	-0.41	0.41	19.249
14256	FHA_01_000115_1	20	860	1135	-0.242	0.242	8.707
14256	FHA_01_000115_1	21	643.6	851	-0.244	0.244	7.587
14256	FHA_01_000115_1	22	547.2	636	-0.14	0.14	3.651
14256	FHA_01_000115_1	23	394.4	471	-0.163	0.163	3.682
14256	FHA_01_000115_1	24	299.2	361	-0.171	0.171	3.401
154144	FHA_01_001461_5	1	1.2	52	-0.977	0.977	9.85
154144	FHA_01_001461_5	2	0	34	-1	1	8.246
154144	FHA_01_001461_5	3	0	21	-1	1	6.481
154144	FHA_01_001461_5	4	18.4	34	-0.459	0.459	3.048
154144	FHA_01_001461_5	5	98.4	64	0.538	0.35	3.818
154144	FHA_01_001461_5	6	207.6	128	0.622	0.383	6.145
154144	FHA_01_001461_5	7	433.6	305	0.422	0.297	6.692
154144	FHA_01_001461_5	8	517.2	565	-0.085	0.085	2.055
154144	FHA_01_001461_5	9	447.2	701	-0.362	0.362	10.592
154144	FHA_01_001461_5	10	469.6	742	-0.367	0.367	11.067
154144	FHA_01_001461_5	11	450.8	913	-0.506	0.506	17.7
154144	FHA_01_001461_5	12	304.8	1031	-0.704	0.704	28.1
154144	FHA_01_001461_5	13	308.8	1069	-0.711	0.711	28.963
154144	FHA_01_001461_5	14	374	1045	-0.642	0.642	25.191
154144	FHA_01_001461_5	15	421.2	1078	-0.609	0.609	23.989
154144	FHA_01_001461_5	16	509.6	1159	-0.56	0.56	22.483
154144	FHA_01_001461_5	17	443.6	1264	-0.649	0.649	28.077
154144	FHA_01_001461_5	18	451.2	1260	-0.642	0.642	27.651
154144	FHA_01_001461_5	19	345.2	909	-0.62	0.62	22.514
154144	FHA_01_001461_5	20	313.2	650	-0.518	0.518	15.347
154144	FHA_01_001461_5	21	222.8	430	-0.482	0.482	11.469
154144	FHA_01_001461_5	22	214.8	308	-0.303	0.303	5.765
154144	FHA_01_001461_5	23	227.6	205	0.11	0.099	1.537
154144	FHA_01_001461_5	24	154.8	118	0.312	0.238	3.151
155974	FHA_01_000119_5	1	0	303	-1	1	24.617
155974	FHA_01_000119_5	2	2	235	-0.991	0.991	21.404
155974	FHA_01_000119_5	3	32	205	-0.844	0.844	15.892
155974	FHA_01_000119_5	4	143.6	287	-0.5	0.5	9.773
155974	FHA_01_000119_5	5	690.8	568	0.216	0.178	4.895
155974	FHA_01_000119_5	6	1778.4	1318	0.349	0.259	11.701
155974	FHA_01_000119_5	7	2736.8	2852	-0.04	0.04	2.179
155974	FHA_01_000119_5	8	3079.2	4025	-0.235	0.235	15.869
155974	FHA_01_000119_5	9	2885.6	3304	-0.127	0.127	7.521
155974	FHA_01_000119_5	10	2448.8	2535	-0.034	0.034	1.727
155974	FHA_01_000119_5	11	2019.6	2384	-0.153	0.153	7.766
155974	FHA_01_000119_5	12	1704.8	2281	-0.253	0.253	12.907
155974	FHA_01_000119_5	13	1520.8	2382	-0.362	0.362	19.495
155974	FHA_01_000119_5	14	1638.8	2350	-0.303	0.303	15.925
155974	FHA_01_000119_5	15	1921.6	2443	-0.213	0.213	11.161
155974	FHA_01_000119_5	16	2192	2580	-0.15	0.15	7.943
155974	FHA_01_000119_5	17	2086.8	2886	-0.277	0.277	16.028
155974	FHA_01_000119_5	18	1938.8	2687	-0.278	0.278	15.557
155974	FHA_01_000119_5	19	1719.6	1889	-0.09	0.09	3.988
155974	FHA_01_000119_5	20	1402.8	1420	-0.012	0.012	0.458
155974	FHA_01_000119_5	21	1204.8	1098	0.097	0.089	3.147
155974	FHA_01_000119_5	22	1016	878	0.157	0.136	4.484
155974	FHA_01_000119_5	23	830.4	655	0.268	0.211	6.436
155974	FHA_01_000119_5	24	658.4	462	0.425	0.298	8.298
158102	FHA_01_001381_1+FHA_01_021381_5	1	1.2	110	-0.989	0.989	14.591
158102	FHA_01_001381_1+FHA_01_021381_5	2	0	76	-1	1	12.329
158102	FHA_01_001381_1+FHA_01_021381_5	3	3.6	74	-0.951	0.951	11.302
158102	FHA_01_001381_1+FHA_01_021381_5	4	30.8	112	-0.725	0.725	9.61
158102	FHA_01_001381_1+FHA_01_021381_5	5	168.8	236	-0.285	0.285	4.724
158102	FHA_01_001381_1+FHA_01_021381_5	6	406.4	630	-0.355	0.355	9.823
158102	FHA_01_001381_1+FHA_01_021381_5	7	794.4	1239	-0.359	0.359	13.944
158102	FHA_01_001381_1+FHA_01_021381_5	8	1053.2	1686	-0.375	0.375	17.099
158102	FHA_01_001381_1+FHA_01_021381_5	9	1046.8	1456	-0.281	0.281	11.567
158102	FHA_01_001381_1+FHA_01_021381_5	10	728	1339	-0.456	0.456	19.006
158102	FHA_01_001381_1+FHA_01_021381_5	11	692	1325	-0.478	0.478	19.933
158102	FHA_01_001381_1+FHA_01_021381_5	12	600	1348	-0.555	0.555	23.967
158102	FHA_01_001381_1+FHA_01_021381_5	13	671.6	1365	-0.508	0.508	21.729
158102	FHA_01_001381_1+FHA_01_021381_5	14	644	1318	-0.511	0.511	21.519
158102	FHA_01_001381_1+FHA_01_021381_5	15	707.6	1398	-0.494	0.494	21.278
158102	FHA_01_001381_1+FHA_01_021381_5	16	1014.4	1572	-0.355	0.355	15.506
158102	FHA_01_001381_1+FHA_01_021381_5	17	958.8	1764	-0.456	0.456	21.823
158102	FHA_01_001381_1+FHA_01_021381_5	18	827.6	1698	-0.513	0.513	24.494
158102	FHA_01_001381_1+FHA_01_021381_5	19	717.6	1105	-0.351	0.351	12.833
158102	FHA_01_001381_1+FHA_01_021381_5	20	638.4	756	-0.156	0.156	4.454
158102	FHA_01_001381_1+FHA_01_021381_5	21	463.6	582	-0.203	0.203	5.178
158102	FHA_01_001381_1+FHA_01_021381_5	22	407.6	440	-0.074	0.074	1.574
158102	FHA_01_001381_1+FHA_01_021381_5	23	317.2	318	-0.003	0.003	0.045
158102	FHA_01_001381_1+FHA_01_021381_5	24	287.2	206	0.394	0.283	5.171
159046	FHA_01_000117_5	1	4	322	-0.988	0.988	24.908
159046	FHA_01_000117_5	2	3.6	244	-0.985	0.985	21.606
159046	FHA_01_000117_5	3	17.6	211	-0.917	0.917	18.09
159046	FHA_01_000117_5	4	144	287	-0.498	0.498	9.741
159046	FHA_01_000117_5	5	658.8	561	0.174	0.148	3.96
159046	FHA_01_000117_5	6	1820.4	1267	0.437	0.304	14.085
159046	FHA_01_000117_5	7	2936.4	2690	0.092	0.084	4.646
159046	FHA_01_000117_5	8	3375.2	3996	-0.155	0.155	10.226
159046	FHA_01_000117_5	9	3297.2	3509	-0.06	0.06	3.631
159046	FHA_01_000117_5	10	2724.8	2755	-0.011	0.011	0.577
159046	FHA_01_000117_5	11	2314.4	2627	-0.119	0.119	6.289
159046	FHA_01_000117_5	12	1984.8	2622	-0.243	0.243	13.277
159046	FHA_01_000117_5	13	1774	2656	-0.332	0.332	18.741
159046	FHA_01_000117_5	14	2019.2	2632	-0.233	0.233	12.707
159046	FHA_01_000117_5	15	2360.8	2706	-0.128	0.128	6.858
159046	FHA_01_000117_5	16	2741.6	2895	-0.053	0.053	2.89
159046	FHA_01_000117_5	17	2610	3309	-0.211	0.211	12.849
159046	FHA_01_000117_5	18	2282.4	3075	-0.258	0.258	15.314
159046	FHA_01_000117_5	19	2052.4	2163	-0.051	0.051	2.409
159046	FHA_01_000117_5	20	1704.4	1602	0.064	0.06	2.518
159046	FHA_01_000117_5	21	1517.6	1243	0.221	0.181	7.391
159046	FHA_01_000117_5	22	1288	1003	0.284	0.221	8.421
159046	FHA_01_000117_5	23	1082.4	713	0.518	0.341	12.329
159046	FHA_01_000117_5	24	857.2	501	0.711	0.416	13.669
16819	FHA_01_000701_7	1	0	98	-1	1	14
16819	FHA_01_000701_7	2	0	65	-1	1	11.402
16819	FHA_01_000701_7	3	25.2	49	-0.486	0.486	3.907
16819	FHA_01_000701_7	4	118.4	96	0.233	0.189	2.163
16819	FHA_01_000701_7	5	418	236	0.771	0.435	10.065
16819	FHA_01_000701_7	6	1305.6	628	1.079	0.519	21.792
16819	FHA_01_000701_7	7	2300	1127	1.041	0.51	28.337
16819	FHA_01_000701_7	8	2489.6	1052	1.367	0.577	34.163
16819	FHA_01_000701_7	9	2097.6	1037	1.023	0.506	26.79
16819	FHA_01_000701_7	10	1666	977	0.705	0.414	18.953
16819	FHA_01_000701_7	11	1308.4	971	0.347	0.258	9.994
16819	FHA_01_000701_7	12	1037.2	979	0.059	0.056	1.833
16819	FHA_01_000701_7	13	960	970	-0.01	0.01	0.322
16819	FHA_01_000701_7	14	1005.2	1036	-0.03	0.03	0.964
16819	FHA_01_000701_7	15	1089.2	1022	0.066	0.062	2.068
16819	FHA_01_000701_7	16	1131.6	1124	0.007	0.007	0.226
16819	FHA_01_000701_7	17	974.4	1197	-0.186	0.186	6.756
16819	FHA_01_000701_7	18	988.8	1214	-0.186	0.186	6.786
16819	FHA_01_000701_7	19	892.8	783	0.14	0.123	3.793
16819	FHA_01_000701_7	20	684	621	0.101	0.092	2.466
16819	FHA_01_000701_7	21	498.4	439	0.135	0.119	2.744
16819	FHA_01_000701_7	22	471.6	325	0.451	0.311	7.346
16819	FHA_01_000701_7	23	353.2	254	0.391	0.281	5.693
16819	FHA_01_000701_7	24	319.2	170	0.878	0.467	9.54
175052	FHA_01_000129_5	1	7.6	158	-0.952	0.952	16.528
175052	FHA_01_000129_5	2	6.4	108	-0.941	0.941	13.434
175052	FHA_01_000129_5	3	32.4	104	-0.688	0.688	8.67
175052	FHA_01_000129_5	4	187.2	180	0.04	0.038	0.531
175052	FHA_01_000129_5	5	740	436	0.697	0.411	12.537
175052	FHA_01_000129_5	6	1774	941	0.885	0.47	22.609
175052	FHA_01_000129_5	7	2446	1994	0.227	0.185	9.593
175052	FHA_01_000129_5	8	2712.4	2504	0.083	0.077	4.081
175052	FHA_01_000129_5	9	2578.4	2063	0.25	0.2	10.699
175052	FHA_01_000129_5	10	2402.4	1731	0.388	0.279	14.769
175052	FHA_01_000129_5	11	2017.6	1652	0.221	0.181	8.535
175052	FHA_01_000129_5	12	1721.2	1632	0.055	0.052	2.178
175052	FHA_01_000129_5	13	1633.2	1672	-0.023	0.023	0.954
175052	FHA_01_000129_5	14	1764.4	1672	0.055	0.052	2.229
175052	FHA_01_000129_5	15	1916	1743	0.099	0.09	4.045
175052	FHA_01_000129_5	16	2211.6	1781	0.242	0.195	9.637
175052	FHA_01_000129_5	17	2117.2	1934	0.095	0.087	4.071
175052	FHA_01_000129_5	18	1976	1867	0.058	0.055	2.487
175052	FHA_01_000129_5	19	1859.6	1395	0.333	0.25	11.517
175052	FHA_01_000129_5	20	1632.8	1039	0.572	0.364	16.246
175052	FHA_01_000129_5	21	1240.8	794	0.563	0.36	14.008
175052	FHA_01_000129_5	22	1019.6	599	0.702	0.413	14.785
175052	FHA_01_000129_5	23	806	406	0.985	0.496	16.249
175052	FHA_01_000129_5	24	618	261	1.368	0.578	17.029
175310	FHA_01_000426_5	1	0	9	-1	1	4.243
175310	FHA_01_000426_5	2	0	6	-1	1	3.464
175310	FHA_01_000426_5	3	0	3	-1	1	2.449
175310	FHA_01_000426_5	4	0	4	-1	1	2.828
175310	FHA_01_000426_5	5	0	9	-1	1	4.243
175310	FHA_01_000426_5	6	6.8	13	-0.477	0.477	1.97
175310	FHA_01_000426_5	7	14.8	26	-0.431	0.431	2.48
175310	FHA_01_000426_5	8	10.8	41	-0.737	0.737	5.934
175310	FHA_01_000426_5	9	3.2	34	-0.906	0.906	7.142
175310	FHA_01_000426_5	10	8.4	39	-0.785	0.785	6.286
175310	FHA_01_000426_5	11	12.4	34	-0.635	0.635	4.484
175310	FHA_01_000426_5	12	7.2	40	-0.82	0.82	6.752
175310	FHA_01_000426_5	13	16	41	-0.61	0.61	4.683
175310	FHA_01_000426_5	14	10	42	-0.762	0.762	6.276
175310	FHA_01_000426_5	15	12.8	49	-0.739	0.739	6.512
175310	FHA_01_000426_5	16	16.4	57	-0.712	0.712	6.702
175310	FHA_01_000426_5	17	14.4	69	-0.791	0.791	8.455
175310	FHA_01_000426_5	18	12.8	72	-0.822	0.822	9.092
175310	FHA_01_000426_5	19	11.2	49	-0.771	0.771	6.89
175310	FHA_01_000426_5	20	10.4	41	-0.746	0.746	6.036
175310	FHA_01_000426_5	21	11.2	34	-0.671	0.671	4.796
175310	FHA_01_000426_5	22	3.2	27	-0.881	0.881	6.125
175310	FHA_01_000426_5	23	0.8	18	-0.956	0.956	5.61
175310	FHA_01_000426_5	24	0.4	15	-0.973	0.973	5.261
175311	FHA_01_000426_1	1	0	12	-1	1	4.899
175311	FHA_01_000426_1	2	0	8	-1	1	4
175311	FHA_01_000426_1	3	0	5	-1	1	3.162
175311	FHA_01_000426_1	4	3.6	5	-0.28	0.28	0.675
175311	FHA_01_000426_1	5	0	11	-1	1	4.69
175311	FHA_01_000426_1	6	0	15	-1	1	5.477
175311	FHA_01_000426_1	7	3.2	29	-0.89	0.89	6.43
175311	FHA_01_000426_1	8	3.6	39	-0.908	0.908	7.67
175311	FHA_01_000426_1	9	0.8	36	-0.978	0.978	8.206
175311	FHA_01_000426_1	10	0	42	-1	1	9.165
175311	FHA_01_000426_1	11	4.8	42	-0.886	0.886	7.69
175311	FHA_01_000426_1	12	0	49	-1	1	9.899
175311	FHA_01_000426_1	13	0	51	-1	1	10.1
175311	FHA_01_000426_1	14	7.2	54	-0.867	0.867	8.46
175311	FHA_01_000426_1	15	14	62	-0.774	0.774	7.787
175311	FHA_01_000426_1	16	7.6	75	-0.899	0.899	10.488
175311	FHA_01_000426_1	17	5.6	85	-0.934	0.934	11.797
175311	FHA_01_000426_1	18	10	94	-0.894	0.894	11.649
175311	FHA_01_000426_1	19	8	67	-0.881	0.881	9.635
175311	FHA_01_000426_1	20	10.8	56	-0.807	0.807	7.821
175311	FHA_01_000426_1	21	9.6	51	-0.812	0.812	7.521
175311	FHA_01_000426_1	22	0.8	38	-0.979	0.979	8.446
175311	FHA_01_000426_1	23	0	27	-1	1	7.348
175311	FHA_01_000426_1	24	1.2	23	-0.948	0.948	6.267
176307	FHA_01_000123_5	1	0	197	-1	1	19.849
176307	FHA_01_000123_5	2	4.8	162	-0.97	0.97	17.214
176307	FHA_01_000123_5	3	30.4	126	-0.759	0.759	10.811
176307	FHA_01_000123_5	4	173.6	132	0.315	0.24	3.365
176307	FHA_01_000123_5	5	778.4	207	2.76	0.734	25.742
176307	FHA_01_000123_5	6	1947.6	503	2.872	0.742	41.269
176307	FHA_01_000123_5	7	2935.6	1104	1.659	0.624	40.755
176307	FHA_01_000123_5	8	3303.2	1765	0.872	0.466	30.556
176307	FHA_01_000123_5	9	3133.2	1677	0.868	0.465	29.693
176307	FHA_01_000123_5	10	2734.4	1567	0.745	0.427	25.173
176307	FHA_01_000123_5	11	2276.4	1599	0.424	0.298	15.389
176307	FHA_01_000123_5	12	1890	1728	0.094	0.086	3.809
176307	FHA_01_000123_5	13	1709.2	1904	-0.102	0.102	4.583
176307	FHA_01_000123_5	14	1797.6	1980	-0.092	0.092	4.197
176307	FHA_01_000123_5	15	2047.6	2245	-0.088	0.088	4.261
176307	FHA_01_000123_5	16	2290.8	2693	-0.149	0.149	8.057
176307	FHA_01_000123_5	17	2176	3000	-0.275	0.275	16.197
176307	FHA_01_000123_5	18	2001.6	2909	-0.312	0.312	18.312
176307	FHA_01_000123_5	19	1755.6	1947	-0.098	0.098	4.448
176307	FHA_01_000123_5	20	1473.2	1342	0.098	0.089	3.497
176307	FHA_01_000123_5	21	1244	1051	0.184	0.155	5.697
176307	FHA_01_000123_5	22	1029.6	832	0.237	0.192	6.477
176307	FHA_01_000123_5	23	894.4	584	0.532	0.347	11.417
176307	FHA_01_000123_5	24	721.2	387	0.864	0.463	14.198
176314	FHA_01_000116_1	1	8	265	-0.97	0.97	21.997
176314	FHA_01_000116_1	2	4.4	219	-0.98	0.98	20.305
176314	FHA_01_000116_1	3	10.4	222	-0.953	0.953	19.63
176314	FHA_01_000116_1	4	116.4	285	-0.592	0.592	11.901
176314	FHA_01_000116_1	5	394.8	484	-0.184	0.184	4.255
176314	FHA_01_000116_1	6	1115.2	1061	0.051	0.049	1.643
176314	FHA_01_000116_1	7	1801.2	2145	-0.16	0.16	7.74
176314	FHA_01_000116_1	8	2494	3042	-0.18	0.18	10.416
176314	FHA_01_000116_1	9	2270	2507	-0.095	0.095	4.849
176314	FHA_01_000116_1	10	1608	2073	-0.224	0.224	10.839
176314	FHA_01_000116_1	11	1238.8	1989	-0.377	0.377	18.674
176314	FHA_01_000116_1	12	1157.2	2016	-0.426	0.426	21.56
176314	FHA_01_000116_1	13	1061.2	2117	-0.499	0.499	26.485
176314	FHA_01_000116_1	14	1200.8	2082	-0.423	0.423	21.75
176314	FHA_01_000116_1	15	1524.4	2159	-0.294	0.294	14.787
176314	FHA_01_000116_1	16	1657.6	2461	-0.326	0.326	17.704
176314	FHA_01_000116_1	17	1576	2686	-0.413	0.413	24.045
176314	FHA_01_000116_1	18	1560.8	2666	-0.415	0.415	24.041
176314	FHA_01_000116_1	19	1310.4	1914	-0.315	0.315	15.033
176314	FHA_01_000116_1	20	1134.4	1248	-0.091	0.091	3.291
176314	FHA_01_000116_1	21	881.6	909	-0.03	0.03	0.916
176314	FHA_01_000116_1	22	754	678	0.112	0.101	2.84
176314	FHA_01_000116_1	23	554	503	0.101	0.092	2.218
176314	FHA_01_000116_1	24	388.8	371	0.048	0.046	0.913
18294	FHA_01_000116_5	1	4	303	-0.987	0.987	24.133
18294	FHA_01_000116_5	2	7.2	213	-0.966	0.966	19.613
18294	FHA_01_000116_5	3	10	184	-0.946	0.946	17.667
18294	FHA_01_000116_5	4	28.4	227	-0.875	0.875	17.575
18294	FHA_01_000116_5	5	246.4	454	-0.457	0.457	11.094
18294	FHA_01_000116_5	6	612.8	1055	-0.419	0.419	15.313
18294	FHA_01_000116_5	7	1136.4	1500	-0.242	0.242	10.015
18294	FHA_01_000116_5	8	1472	2038	-0.278	0.278	13.511
18294	FHA_01_000116_5	9	1578	1678	-0.06	0.06	2.478
18294	FHA_01_000116_5	10	1322.4	1584	-0.165	0.165	6.862
18294	FHA_01_000116_5	11	1201.2	1643	-0.269	0.269	11.715
18294	FHA_01_000116_5	12	1157.2	1751	-0.339	0.339	15.572
18294	FHA_01_000116_5	13	1339.2	1939	-0.309	0.309	14.815
18294	FHA_01_000116_5	14	1412	2063	-0.316	0.316	15.618
18294	FHA_01_000116_5	15	1692	2197	-0.23	0.23	11.452
18294	FHA_01_000116_5	16	2152.4	2470	-0.129	0.129	6.606
18294	FHA_01_000116_5	17	2144.4	2855	-0.249	0.249	14.213
18294	FHA_01_000116_5	18	2139.2	2985	-0.283	0.283	16.71
18294	FHA_01_000116_5	19	1819.6	2033	-0.105	0.105	4.862
18294	FHA_01_000116_5	20	1385.6	1621	-0.145	0.145	6.071
18294	FHA_01_000116_5	21	1173.6	1316	-0.108	0.108	4.036
18294	FHA_01_000116_5	22	978	1058	-0.076	0.076	2.507
18294	FHA_01_000116_5	23	754.8	733	0.03	0.029	0.799
18294	FHA_01_000116_5	24	690	503	0.372	0.271	7.657
185074	FHA_01_001463_1	1	4	65	-0.938	0.938	10.385
185074	FHA_01_001463_1	2	5.6	39	-0.856	0.856	7.073
185074	FHA_01_001463_1	3	5.6	36	-0.844	0.844	6.666
185074	FHA_01_001463_1	4	92.4	36	1.567	0.61	7.039
185074	FHA_01_001463_1	5	326.8	64	4.106	0.804	18.8
185074	FHA_01_001463_1	6	996.4	145	5.872	0.854	35.639
185074	FHA_01_001463_1	7	1974.4	342	4.773	0.827	47.966
185074	FHA_01_001463_1	8	2639.2	443	4.958	0.832	55.944
185074	FHA_01_001463_1	9	2702.4	437	5.184	0.838	57.179
185074	FHA_01_001463_1	10	1944.8	424	3.587	0.782	44.19
185074	FHA_01_001463_1	11	1477.2	470	2.143	0.682	32.279
185074	FHA_01_001463_1	12	1335.6	569	1.347	0.574	24.842
185074	FHA_01_001463_1	13	1344	671	1.003	0.501	21.203
185074	FHA_01_001463_1	14	1646.4	708	1.325	0.57	27.35
185074	FHA_01_001463_1	15	2015.6	714	1.823	0.646	35.232
185074	FHA_01_001463_1	16	2340.8	794	1.948	0.661	39.07
185074	FHA_01_001463_1	17	2266.4	898	1.524	0.604	34.402
185074	FHA_01_001463_1	18	2096.4	833	1.517	0.603	33.012
185074	FHA_01_001463_1	19	1728.4	621	1.783	0.641	32.31
185074	FHA_01_001463_1	20	1434	499	1.874	0.652	30.075
185074	FHA_01_001463_1	21	1098.4	373	1.945	0.66	26.744
185074	FHA_01_001463_1	22	941.2	287	2.279	0.695	26.399
185074	FHA_01_001463_1	23	791.2	185	3.277	0.766	27.439
185074	FHA_01_001463_1	24	578.4	120	3.82	0.793	24.531
19033	FHA_01_000146_5+FHA_01_031461_5	1	1.2	184	-0.993	0.993	18.996
19033	FHA_01_000146_5+FHA_01_031461_5	2	0	129	-1	1	16.062
19033	FHA_01_000146_5+FHA_01_031461_5	3	0	108	-1	1	14.697
19033	FHA_01_000146_5+FHA_01_031461_5	4	18.8	136	-0.862	0.862	13.322
19033	FHA_01_000146_5+FHA_01_031461_5	5	102.4	271	-0.622	0.622	12.339
19033	FHA_01_000146_5+FHA_01_031461_5	6	203.6	588	-0.654	0.654	19.322
19033	FHA_01_000146_5+FHA_01_031461_5	7	439.2	970	-0.547	0.547	19.997
19033	FHA_01_000146_5+FHA_01_031461_5	8	533.2	1417	-0.624	0.624	28.303
19033	FHA_01_000146_5+FHA_01_031461_5	9	452	1322	-0.658	0.658	29.212
19033	FHA_01_000146_5+FHA_01_031461_5	10	479.6	1264	-0.621	0.621	26.566
19033	FHA_01_000146_5+FHA_01_031461_5	11	447.6	1352	-0.669	0.669	30.15
19033	FHA_01_000146_5+FHA_01_031461_5	12	315.6	1451	-0.782	0.782	38.203
19033	FHA_01_000146_5+FHA_01_031461_5	13	325.2	1510	-0.785	0.785	39.113
19033	FHA_01_000146_5+FHA_01_031461_5	14	382.8	1512	-0.747	0.747	36.686
19033	FHA_01_000146_5+FHA_01_031461_5	15	404	1587	-0.745	0.745	37.494
19033	FHA_01_000146_5+FHA_01_031461_5	16	516.8	1775	-0.709	0.709	37.169
19033	FHA_01_000146_5+FHA_01_031461_5	17	429.2	1988	-0.784	0.784	44.838
19033	FHA_01_000146_5+FHA_01_031461_5	18	455.2	2021	-0.775	0.775	44.5
19033	FHA_01_000146_5+FHA_01_031461_5	19	330	1412	-0.766	0.766	36.662
19033	FHA_01_000146_5+FHA_01_031461_5	20	312	1102	-0.717	0.717	29.711
19033	FHA_01_000146_5+FHA_01_031461_5	21	226.4	888	-0.745	0.745	28.028
19033	FHA_01_000146_5+FHA_01_031461_5	22	229.6	698	-0.671	0.671	21.75
19033	FHA_01_000146_5+FHA_01_031461_5	23	212.4	482	-0.559	0.559	14.469
19033	FHA_01_000146_5+FHA_01_031461_5	24	148	319	-0.536	0.536	11.191
19034	FHA_01_021461_1	1	2.4	53	-0.955	0.955	9.614
19034	FHA_01_021461_1	2	0.4	27	-0.985	0.985	7.187
19034	FHA_01_021461_1	3	1.2	15	-0.92	0.92	4.849
19034	FHA_01_021461_1	4	26.8	25	0.072	0.067	0.354
19034	FHA_01_021461_1	5	72.8	61	0.193	0.162	1.443
19034	FHA_01_021461_1	6	207.2	139	0.491	0.329	5.184
19034	FHA_01_021461_1	7	367.2	420	-0.126	0.126	2.661
19034	FHA_01_021461_1	8	694	667	0.04	0.039	1.035
19034	FHA_01_021461_1	9	660.4	634	0.042	0.04	1.038
19034	FHA_01_021461_1	10	687.6	553	0.243	0.196	5.404
19034	FHA_01_021461_1	11	544.4	667	-0.184	0.184	4.982
19034	FHA_01_021461_1	12	458.4	800	-0.427	0.427	13.618
19034	FHA_01_021461_1	13	362.4	903	-0.599	0.599	21.492
19034	FHA_01_021461_1	14	365.2	919	-0.603	0.603	21.855
19034	FHA_01_021461_1	15	410	899	-0.544	0.544	19.114
19034	FHA_01_021461_1	16	510	915	-0.443	0.443	15.173
19034	FHA_01_021461_1	17	499.2	941	-0.47	0.47	16.464
19034	FHA_01_021461_1	18	428	977	-0.562	0.562	20.713
19034	FHA_01_021461_1	19	363.6	808	-0.55	0.55	18.361
19034	FHA_01_021461_1	20	299.2	682	-0.561	0.561	17.283
19034	FHA_01_021461_1	21	204	495	-0.588	0.588	15.566
19034	FHA_01_021461_1	22	210.4	309	-0.319	0.319	6.118
19034	FHA_01_021461_1	23	196.4	210	-0.065	0.065	0.954
19034	FHA_01_021461_1	24	134.4	115	0.169	0.144	1.737
19043	FHA_01_001465_5	1	1.2	48	-0.975	0.975	9.436
19043	FHA_01_001465_5	2	0	26	-1	1	7.211
19043	FHA_01_001465_5	3	0	21	-1	1	6.481
19043	FHA_01_001465_5	4	18.8	28	-0.329	0.329	1.902
19043	FHA_01_001465_5	5	103.2	72	0.433	0.302	3.334
19043	FHA_01_001465_5	6	203.2	198	0.026	0.026	0.367
19043	FHA_01_001465_5	7	439.6	302	0.456	0.313	7.146
19043	FHA_01_001465_5	8	533.6	485	0.1	0.091	2.154
19043	FHA_01_001465_5	9	451.6	414	0.091	0.083	1.807
19043	FHA_01_001465_5	10	479.2	416	0.152	0.132	2.987
19043	FHA_01_001465_5	11	448.4	445	0.008	0.008	0.161
19043	FHA_01_001465_5	12	314.4	525	-0.401	0.401	10.28
19043	FHA_01_001465_5	13	326.8	628	-0.48	0.48	13.785
19043	FHA_01_001465_5	14	382	657	-0.419	0.419	12.065
19043	FHA_01_001465_5	15	403.6	694	-0.418	0.418	12.396
19043	FHA_01_001465_5	16	518.4	790	-0.344	0.344	10.619
19043	FHA_01_001465_5	17	430	953	-0.549	0.549	19.889
19043	FHA_01_001465_5	18	454.4	1036	-0.561	0.561	21.305
19043	FHA_01_001465_5	19	328.8	692	-0.525	0.525	16.076
19043	FHA_01_001465_5	20	312.8	557	-0.438	0.438	11.71
19043	FHA_01_001465_5	21	225.2	424	-0.469	0.469	11.034
19043	FHA_01_001465_5	22	230	289	-0.204	0.204	3.663
19043	FHA_01_001465_5	23	211.6	172	0.23	0.187	2.859
19043	FHA_01_001465_5	24	148	105	0.41	0.291	3.823
193953	FHA_01_001461_1	1	2.4	53	-0.955	0.955	9.614
193953	FHA_01_001461_1	2	0.4	27	-0.985	0.985	7.187
193953	FHA_01_001461_1	3	1.2	15	-0.92	0.92	4.849
193953	FHA_01_001461_1	4	26.8	25	0.072	0.067	0.354
193953	FHA_01_001461_1	5	72.8	61	0.193	0.162	1.443
193953	FHA_01_001461_1	6	207.2	139	0.491	0.329	5.184
193953	FHA_01_001461_1	7	367.6	420	-0.125	0.125	2.641
193953	FHA_01_001461_1	8	694.8	667	0.042	0.04	1.065
193953	FHA_01_001461_1	9	663.2	634	0.046	0.044	1.147
193953	FHA_01_001461_1	10	684.8	553	0.238	0.192	5.298
193953	FHA_01_001461_1	11	544.4	667	-0.184	0.184	4.982
193953	FHA_01_001461_1	12	459.2	800	-0.426	0.426	13.582
193953	FHA_01_001461_1	13	361.2	903	-0.6	0.6	21.55
193953	FHA_01_001461_1	14	366	919	-0.602	0.602	21.817
193953	FHA_01_001461_1	15	409.6	899	-0.544	0.544	19.133
193953	FHA_01_001461_1	16	509.2	915	-0.443	0.443	15.207
193953	FHA_01_001461_1	17	500.4	941	-0.468	0.468	16.412
193953	FHA_01_001461_1	18	427.2	977	-0.563	0.563	20.749
193953	FHA_01_001461_1	19	363.6	808	-0.55	0.55	18.361
193953	FHA_01_001461_1	20	298.4	682	-0.562	0.562	17.326
193953	FHA_01_001461_1	21	204.4	495	-0.587	0.587	15.54
193953	FHA_01_001461_1	22	210	309	-0.32	0.32	6.146
193953	FHA_01_001461_1	23	196.8	210	-0.063	0.063	0.926
193953	FHA_01_001461_1	24	134.4	115	0.169	0.144	1.737
194566	FHA_01_000146_1+FHA_01_020146_1	1	1.6	178	-0.991	0.991	18.615
194566	FHA_01_000146_1+FHA_01_020146_1	2	5.2	136	-0.962	0.962	15.567
194566	FHA_01_000146_1+FHA_01_020146_1	3	4.4	129	-0.966	0.966	15.257
194566	FHA_01_000146_1+FHA_01_020146_1	4	60.8	174	-0.651	0.651	10.447
194566	FHA_01_000146_1+FHA_01_020146_1	5	252.4	310	-0.186	0.186	3.435
194566	FHA_01_000146_1+FHA_01_020146_1	6	763.6	688	0.11	0.099	2.806
194566	FHA_01_000146_1+FHA_01_020146_1	7	1536.8	1458	0.054	0.051	2.036
194566	FHA_01_000146_1+FHA_01_020146_1	8	1690.4	2282	-0.259	0.259	13.274
194566	FHA_01_000146_1+FHA_01_020146_1	9	1769.2	2042	-0.134	0.134	6.249
194566	FHA_01_000146_1+FHA_01_020146_1	10	1109.6	1683	-0.341	0.341	15.345
194566	FHA_01_000146_1+FHA_01_020146_1	11	790.4	1625	-0.514	0.514	24.016
194566	FHA_01_000146_1+FHA_01_020146_1	12	748	1617	-0.537	0.537	25.271
194566	FHA_01_000146_1+FHA_01_020146_1	13	890	1716	-0.481	0.481	22.883
194566	FHA_01_000146_1+FHA_01_020146_1	14	1133.2	1677	-0.324	0.324	14.507
194566	FHA_01_000146_1+FHA_01_020146_1	15	1378.8	1711	-0.194	0.194	8.452
194566	FHA_01_000146_1+FHA_01_020146_1	16	1534	1865	-0.177	0.177	8.029
194566	FHA_01_000146_1+FHA_01_020146_1	17	1454	2014	-0.278	0.278	13.448
194566	FHA_01_000146_1+FHA_01_020146_1	18	1411.6	2020	-0.301	0.301	14.688
194566	FHA_01_000146_1+FHA_01_020146_1	19	1140.8	1498	-0.238	0.238	9.834
194566	FHA_01_000146_1+FHA_01_020146_1	20	969.6	1026	-0.055	0.055	1.785
194566	FHA_01_000146_1+FHA_01_020146_1	21	781.2	764	0.023	0.022	0.619
194566	FHA_01_000146_1+FHA_01_020146_1	22	649.6	596	0.09	0.083	2.148
194566	FHA_01_000146_1+FHA_01_020146_1	23	514	404	0.272	0.214	5.134
194566	FHA_01_000146_1+FHA_01_020146_1	24	393.6	276	0.426	0.299	6.427
198390	FHA_01_021401_3	1	0	63	-1	1	11.225
198390	FHA_01_021401_3	2	0	37	-1	1	8.602
198390	FHA_01_021401_3	3	2	27	-0.926	0.926	6.565
198390	FHA_01_021401_3	4	33.2	38	-0.126	0.126	0.804
198390	FHA_01_021401_3	5	183.2	87	1.106	0.525	8.277
198390	FHA_01_021401_3	6	473.6	212	1.234	0.552	14.129
198390	FHA_01_021401_3	7	909.6	467	0.948	0.487	16.87
198390	FHA_01_021401_3	8	1364.8	783	0.743	0.426	17.754
198390	FHA_01_021401_3	9	1210.4	669	0.809	0.447	17.661
198390	FHA_01_021401_3	10	922.4	589	0.566	0.361	12.128
198390	FHA_01_021401_3	11	712	554	0.285	0.222	6.28
198390	FHA_01_021401_3	12	707.2	599	0.181	0.153	4.234
198390	FHA_01_021401_3	13	693.6	683	0.016	0.015	0.404
198390	FHA_01_021401_3	14	658.4	668	-0.014	0.014	0.373
198390	FHA_01_021401_3	15	668	661	0.011	0.01	0.272
198390	FHA_01_021401_3	16	713.6	686	0.04	0.039	1.043
198390	FHA_01_021401_3	17	713.6	701	0.018	0.018	0.474
198390	FHA_01_021401_3	18	642.4	695	-0.076	0.076	2.034
198390	FHA_01_021401_3	19	552.8	588	-0.06	0.06	1.474
198390	FHA_01_021401_3	20	486.4	459	0.06	0.056	1.26
198390	FHA_01_021401_3	21	486	395	0.23	0.187	4.336
198390	FHA_01_021401_3	22	349.6	301	0.161	0.139	2.695
198390	FHA_01_021401_3	23	330.4	201	0.644	0.392	7.939
198390	FHA_01_021401_3	24	192.4	134	0.436	0.304	4.571
202744	FHA_01_000717_1	1	8	375	-0.979	0.979	26.52
202744	FHA_01_000717_1	2	2.4	279	-0.991	0.991	23.319
202744	FHA_01_000717_1	3	19.6	264	-0.926	0.926	20.524
202744	FHA_01_000717_1	4	166	316	-0.475	0.475	9.662
202744	FHA_01_000717_1	5	652	517	0.261	0.207	5.584
202744	FHA_01_000717_1	6	1640.8	1242	0.321	0.243	10.504
202744	FHA_01_000717_1	7	2663.2	2889	-0.078	0.078	4.286
202744	FHA_01_000717_1	8	3346	4543	-0.263	0.263	19.059
202744	FHA_01_000717_1	9	3586	4128	-0.131	0.131	8.727
202744	FHA_01_000717_1	10	2869.6	3323	-0.136	0.136	8.148
202744	FHA_01_000717_1	11	2483.6	3246	-0.235	0.235	14.244
202744	FHA_01_000717_1	12	2500.4	3374	-0.259	0.259	16.119
202744	FHA_01_000717_1	13	2363.6	3591	-0.342	0.342	22.494
202744	FHA_01_000717_1	14	2553.2	3607	-0.292	0.292	18.988
202744	FHA_01_000717_1	15	2895.6	3729	-0.223	0.223	14.481
202744	FHA_01_000717_1	16	3232.8	4086	-0.209	0.209	14.104
202744	FHA_01_000717_1	17	3184.4	4377	-0.272	0.272	19.396
202744	FHA_01_000717_1	18	3104.4	4184	-0.258	0.258	17.884
202744	FHA_01_000717_1	19	2770	3059	-0.094	0.094	5.353
202744	FHA_01_000717_1	20	2177.6	2200	-0.01	0.01	0.479
202744	FHA_01_000717_1	21	1710.8	1760	-0.028	0.028	1.181
202744	FHA_01_000717_1	22	1478.4	1299	0.138	0.121	4.814
202744	FHA_01_000717_1	23	1217.2	910	0.338	0.252	9.42
202744	FHA_01_000717_1	24	1092.4	603	0.812	0.448	16.809
203597	FHA_01_021384_5	1	4	76	-0.947	0.947	11.384
203597	FHA_01_021384_5	2	7.6	57	-0.867	0.867	8.692
203597	FHA_01_021384_5	3	15.2	45	-0.662	0.662	5.432
203597	FHA_01_021384_5	4	60.4	67	-0.099	0.099	0.827
203597	FHA_01_021384_5	5	296.4	130	1.28	0.561	11.396
203597	FHA_01_021384_5	6	776	263	1.951	0.661	22.507
203597	FHA_01_021384_5	7	1332.4	569	1.342	0.573	24.759
203597	FHA_01_021384_5	8	1567.2	848	0.848	0.459	20.696
203597	FHA_01_021384_5	9	1514.8	740	1.047	0.511	23.075
203597	FHA_01_021384_5	10	1323.6	641	1.065	0.516	21.779
203597	FHA_01_021384_5	11	1140	677	0.684	0.406	15.361
203597	FHA_01_021384_5	12	829.6	707	0.173	0.148	4.423
203597	FHA_01_021384_5	13	835.6	801	0.043	0.041	1.21
203597	FHA_01_021384_5	14	951.6	820	0.16	0.138	4.422
203597	FHA_01_021384_5	15	1081.2	849	0.273	0.215	7.474
203597	FHA_01_021384_5	16	1207.6	953	0.267	0.211	7.746
203597	FHA_01_021384_5	17	1025.6	1059	-0.032	0.032	1.035
203597	FHA_01_021384_5	18	1137.6	1071	0.062	0.059	2.004
203597	FHA_01_021384_5	19	897.2	796	0.127	0.113	3.478
203597	FHA_01_021384_5	20	850	575	0.478	0.324	10.302
203597	FHA_01_021384_5	21	746.8	425	0.757	0.431	13.295
203597	FHA_01_021384_5	22	550.8	296	0.861	0.463	12.383
203597	FHA_01_021384_5	23	457.6	193	1.371	0.578	14.671
203597	FHA_01_021384_5	24	415.6	126	2.298	0.697	17.598
203612	FHA_01_021382_1	1	1.6	51	-0.969	0.969	9.633
203612	FHA_01_021382_1	2	2.4	29	-0.917	0.917	6.713
203612	FHA_01_021382_1	3	4.4	23	-0.809	0.809	5.025
203612	FHA_01_021382_1	4	74.8	31	1.413	0.586	6.022
203612	FHA_01_021382_1	5	249.2	61	3.085	0.755	15.112
203612	FHA_01_021382_1	6	708.4	154	3.6	0.783	26.698
203612	FHA_01_021382_1	7	1298.8	370	2.51	0.715	32.154
203612	FHA_01_021382_1	8	1912.8	587	2.259	0.693	37.501
203612	FHA_01_021382_1	9	2135.2	661	2.23	0.69	39.426
203612	FHA_01_021382_1	10	1615.6	563	1.87	0.652	31.893
203612	FHA_01_021382_1	11	1276.8	542	1.356	0.576	24.366
203612	FHA_01_021382_1	12	1306.4	595	1.196	0.545	23.072
203612	FHA_01_021382_1	13	1104.8	622	0.776	0.437	16.431
203612	FHA_01_021382_1	14	1232.8	620	0.988	0.497	20.134
203612	FHA_01_021382_1	15	1496.4	591	1.532	0.605	28.025
203612	FHA_01_021382_1	16	1834.8	623	1.945	0.66	34.568
203612	FHA_01_021382_1	17	1789.6	645	1.775	0.64	32.806
203612	FHA_01_021382_1	18	1681.2	609	1.761	0.638	31.685
203612	FHA_01_021382_1	19	1441.2	499	1.888	0.654	30.251
203612	FHA_01_021382_1	20	1152.4	381	2.025	0.669	27.859
203612	FHA_01_021382_1	21	807.6	314	1.572	0.611	20.844
203612	FHA_01_021382_1	22	710	254	1.795	0.642	20.77
203612	FHA_01_021382_1	23	575.2	166	2.465	0.711	21.256
203612	FHA_01_021382_1	24	472.4	105	3.499	0.778	21.623
203620	FHA_01_031381_1	1	0	79	-1	1	12.57
203620	FHA_01_031381_1	2	0	62	-1	1	11.136
203620	FHA_01_031381_1	3	2	59	-0.966	0.966	10.321
203620	FHA_01_031381_1	4	19.6	89	-0.78	0.78	9.418
203620	FHA_01_031381_1	5	75.6	159	-0.525	0.525	7.7
203620	FHA_01_031381_1	6	165.2	463	-0.643	0.643	16.803
203620	FHA_01_031381_1	7	241.2	1112	-0.783	0.783	33.477
203620	FHA_01_031381_1	8	224.4	1493	-0.85	0.85	43.292
203620	FHA_01_031381_1	9	229.2	1161	-0.803	0.803	35.343
203620	FHA_01_031381_1	10	195.6	1029	-0.81	0.81	33.68
203620	FHA_01_031381_1	11	176.4	961	-0.816	0.816	32.901
203620	FHA_01_031381_1	12	168.4	961	-0.825	0.825	33.354
203620	FHA_01_031381_1	13	226	986	-0.771	0.771	30.873
203620	FHA_01_031381_1	14	213.2	975	-0.781	0.781	31.254
203620	FHA_01_031381_1	15	242.4	1040	-0.767	0.767	31.498
203620	FHA_01_031381_1	16	294.8	1143	-0.742	0.742	31.635
203620	FHA_01_031381_1	17	265.2	1260	-0.79	0.79	36.024
203620	FHA_01_031381_1	18	288	1163	-0.752	0.752	32.485
203620	FHA_01_031381_1	19	260.4	764	-0.659	0.659	22.252
203620	FHA_01_031381_1	20	170.8	541	-0.684	0.684	19.623
203620	FHA_01_031381_1	21	156.8	417	-0.624	0.624	15.362
203620	FHA_01_031381_1	22	136.8	298	-0.541	0.541	10.933
203620	FHA_01_031381_1	23	107.6	238	-0.548	0.548	9.92
203620	FHA_01_031381_1	24	127.6	161	-0.207	0.207	2.78
203621	FHA_01_021383_1	1	1.2	108	-0.989	0.989	14.454
203621	FHA_01_021383_1	2	0	67	-1	1	11.576
203621	FHA_01_021383_1	3	3.6	48	-0.925	0.925	8.741
203621	FHA_01_021383_1	4	30.8	50	-0.384	0.384	3.021
203621	FHA_01_021383_1	5	168.4	119	0.415	0.293	4.121
203621	FHA_01_021383_1	6	405.2	283	0.432	0.302	6.588
203621	FHA_01_021383_1	7	791.2	532	0.487	0.328	10.077
203621	FHA_01_021383_1	8	1055.2	926	0.14	0.122	4.105
203621	FHA_01_021383_1	9	1048	899	0.166	0.142	4.775
203621	FHA_01_021383_1	10	727.6	880	-0.173	0.173	5.375
203621	FHA_01_021383_1	11	691.6	963	-0.282	0.282	9.436
203621	FHA_01_021383_1	12	602	1092	-0.449	0.449	16.837
203621	FHA_01_021383_1	13	668.8	1167	-0.427	0.427	16.444
203621	FHA_01_021383_1	14	644.4	1201	-0.463	0.463	18.324
203621	FHA_01_021383_1	15	706.8	1233	-0.427	0.427	16.896
203621	FHA_01_021383_1	16	1016.8	1444	-0.296	0.296	12.179
203621	FHA_01_021383_1	17	957.6	1578	-0.393	0.393	17.424
203621	FHA_01_021383_1	18	828.4	1557	-0.468	0.468	21.097
203621	FHA_01_021383_1	19	718.4	1107	-0.351	0.351	12.863
203621	FHA_01_021383_1	20	636.4	800	-0.205	0.205	6.105
203621	FHA_01_021383_1	21	464.4	595	-0.219	0.219	5.675
203621	FHA_01_021383_1	22	408.4	464	-0.12	0.12	2.662
203621	FHA_01_021383_1	23	318.4	316	0.008	0.008	0.135
203621	FHA_01_021383_1	24	287.2	209	0.374	0.272	4.965
203622	FHA_01_031383_5	1	1.2	41	-0.971	0.971	8.664
203622	FHA_01_031383_5	2	0	28	-1	1	7.483
203622	FHA_01_031383_5	3	3.6	20	-0.82	0.82	4.774
203622	FHA_01_031383_5	4	30.8	24	0.283	0.221	1.299
203622	FHA_01_031383_5	5	167.2	48	2.483	0.713	11.491
203622	FHA_01_031383_5	6	405.2	133	2.047	0.672	16.593
203622	FHA_01_031383_5	7	789.6	346	1.282	0.562	18.616
203622	FHA_01_031383_5	8	1053.6	648	0.626	0.385	13.905
203622	FHA_01_031383_5	9	1050	625	0.68	0.405	14.686
203622	FHA_01_031383_5	10	727.2	491	0.481	0.325	9.571
203622	FHA_01_031383_5	11	692.4	459	0.508	0.337	9.728
203622	FHA_01_031383_5	12	603.2	476	0.267	0.211	5.476
203622	FHA_01_031383_5	13	668.8	527	0.269	0.212	5.799
203622	FHA_01_031383_5	14	644.4	520	0.239	0.193	5.156
203622	FHA_01_031383_5	15	704.8	527	0.337	0.252	7.164
203622	FHA_01_031383_5	16	1016.8	595	0.709	0.415	14.858
203622	FHA_01_031383_5	17	958.8	673	0.425	0.298	10.006
203622	FHA_01_031383_5	18	828	590	0.403	0.287	8.938
203622	FHA_01_031383_5	19	718.4	418	0.719	0.418	12.602
203622	FHA_01_031383_5	20	636	291	1.186	0.542	16.025
203622	FHA_01_031383_5	21	464.8	241	0.929	0.481	11.913
203622	FHA_01_031383_5	22	409.6	186	1.202	0.546	12.957
203622	FHA_01_031383_5	23	319.2	122	1.616	0.618	13.277
203622	FHA_01_031383_5	24	286.8	73	2.929	0.745	15.94
203923	FHA_01_031384_1	1	5.2	100	-0.948	0.948	13.071
203923	FHA_01_031384_1	2	2	55	-0.964	0.964	9.928
203923	FHA_01_031384_1	3	20.8	49	-0.576	0.576	4.773
203923	FHA_01_031384_1	4	181.2	86	1.107	0.525	8.236
203923	FHA_01_031384_1	5	921.2	182	4.062	0.802	31.474
203923	FHA_01_031384_1	6	2103.2	472	3.456	0.776	45.459
203923	FHA_01_031384_1	7	3508	1045	2.357	0.702	51.621
203923	FHA_01_031384_1	8	4142	1242	2.335	0.7	55.893
203923	FHA_01_031384_1	9	3358.4	1156	1.905	0.656	46.357
203923	FHA_01_031384_1	10	2958	980	2.018	0.669	44.576
203923	FHA_01_031384_1	11	2782.8	929	1.995	0.666	43.031
203923	FHA_01_031384_1	12	2559.2	885	1.892	0.654	40.344
203923	FHA_01_031384_1	13	2317.6	960	1.414	0.586	33.536
203923	FHA_01_031384_1	14	2285.2	934	1.447	0.591	33.679
203923	FHA_01_031384_1	15	2504.8	892	1.808	0.644	39.135
203923	FHA_01_031384_1	16	2811.6	872	2.224	0.69	45.195
203923	FHA_01_031384_1	17	2720.4	993	1.74	0.635	40.089
203923	FHA_01_031384_1	18	2540.8	1086	1.34	0.573	34.163
203923	FHA_01_031384_1	19	2183.6	923	1.366	0.577	31.985
203923	FHA_01_031384_1	20	1958.8	768	1.551	0.608	32.25
203923	FHA_01_031384_1	21	1562.8	595	1.627	0.619	29.464
203923	FHA_01_031384_1	22	1248.4	464	1.691	0.628	26.807
203923	FHA_01_031384_1	23	1210.8	319	2.796	0.737	32.245
203923	FHA_01_031384_1	24	897.6	189	3.749	0.789	30.401
24792	FHA_01_000148_5	1	4	401	-0.99	0.99	27.898
24792	FHA_01_000148_5	2	7.6	285	-0.973	0.973	22.934
24792	FHA_01_000148_5	3	28.8	247	-0.883	0.883	18.581
24792	FHA_01_000148_5	4	147.2	322	-0.543	0.543	11.412
24792	FHA_01_000148_5	5	635.6	589	0.079	0.073	1.883
24792	FHA_01_000148_5	6	1744.8	1251	0.395	0.283	12.759
24792	FHA_01_000148_5	7	2745.2	2572	0.067	0.063	3.359
24792	FHA_01_000148_5	8	3006.4	3894	-0.228	0.228	15.111
24792	FHA_01_000148_5	9	2899.6	3650	-0.206	0.206	13.113
24792	FHA_01_000148_5	10	2486.4	3081	-0.193	0.193	11.27
24792	FHA_01_000148_5	11	2263.6	3122	-0.275	0.275	16.542
24792	FHA_01_000148_5	12	1883.2	3280	-0.426	0.426	27.491
24792	FHA_01_000148_5	13	1942.8	3442	-0.436	0.436	28.893
24792	FHA_01_000148_5	14	2235.2	3504	-0.362	0.362	23.685
24792	FHA_01_000148_5	15	2528	3581	-0.294	0.294	19.053
24792	FHA_01_000148_5	16	2819.6	3918	-0.28	0.28	18.924
24792	FHA_01_000148_5	17	2674.8	4066	-0.342	0.342	23.963
24792	FHA_01_000148_5	18	2462.8	3848	-0.36	0.36	24.66
24792	FHA_01_000148_5	19	2322	2949	-0.213	0.213	12.213
24792	FHA_01_000148_5	20	1996	2261	-0.117	0.117	5.744
24792	FHA_01_000148_5	21	1767.2	1807	-0.022	0.022	0.941
24792	FHA_01_000148_5	22	1504.4	1461	0.03	0.029	1.127
24792	FHA_01_000148_5	23	1343.2	1010	0.33	0.248	9.714
24792	FHA_01_000148_5	24	1097.2	673	0.63	0.387	14.259
26653	FHA_01_000148_1	1	8	366	-0.978	0.978	26.18
26653	FHA_01_000148_1	2	2.4	274	-0.991	0.991	23.103
26653	FHA_01_000148_1	3	19.6	260	-0.925	0.925	20.332
26653	FHA_01_000148_1	4	143.2	310	-0.538	0.538	11.081
26653	FHA_01_000148_1	5	630.4	505	0.248	0.199	5.263
26653	FHA_01_000148_1	6	1562	1165	0.341	0.254	10.751
26653	FHA_01_000148_1	7	2622	2684	-0.023	0.023	1.204
26653	FHA_01_000148_1	8	3302	4150	-0.204	0.204	13.892
26653	FHA_01_000148_1	9	3588	3753	-0.044	0.044	2.723
26653	FHA_01_000148_1	10	2849.2	3099	-0.081	0.081	4.581
26653	FHA_01_000148_1	11	2434	3058	-0.204	0.204	11.908
26653	FHA_01_000148_1	12	2421.6	3221	-0.248	0.248	15.05
26653	FHA_01_000148_1	13	2305.2	3353	-0.312	0.312	19.699
26653	FHA_01_000148_1	14	2488	3368	-0.261	0.261	16.263
26653	FHA_01_000148_1	15	2833.6	3555	-0.203	0.203	12.764
26653	FHA_01_000148_1	16	3209.6	3984	-0.194	0.194	12.912
26653	FHA_01_000148_1	17	3218.4	4253	-0.243	0.243	16.927
26653	FHA_01_000148_1	18	3034.4	4051	-0.251	0.251	17.08
26653	FHA_01_000148_1	19	2729.2	2933	-0.069	0.069	3.83
26653	FHA_01_000148_1	20	2114.8	2113	0.001	0.001	0.039
26653	FHA_01_000148_1	21	1668.4	1697	-0.017	0.017	0.697
26653	FHA_01_000148_1	22	1468.8	1263	0.163	0.14	5.568
26653	FHA_01_000148_1	23	1204	877	0.373	0.272	10.137
26653	FHA_01_000148_1	24	1104.8	585	0.889	0.47	17.883
30246	FHA_01_001383_5	1	0	150	-1	1	17.321
30246	FHA_01_001383_5	2	0	95	-1	1	13.784
30246	FHA_01_001383_5	3	2	68	-0.971	0.971	11.156
30246	FHA_01_001383_5	4	19.6	74	-0.735	0.735	7.952
30246	FHA_01_001383_5	5	79.2	167	-0.526	0.526	7.913
30246	FHA_01_001383_5	6	161.6	416	-0.612	0.612	14.97
30246	FHA_01_001383_5	7	242.8	878	-0.723	0.723	26.833
30246	FHA_01_001383_5	8	226.4	1574	-0.856	0.856	44.915
30246	FHA_01_001383_5	9	229.6	1524	-0.849	0.849	43.714
30246	FHA_01_001383_5	10	192.4	1371	-0.86	0.86	42.155
30246	FHA_01_001383_5	11	175.6	1422	-0.877	0.877	44.1
30246	FHA_01_001383_5	12	169.2	1568	-0.892	0.892	47.462
30246	FHA_01_001383_5	13	225.6	1693	-0.867	0.867	47.377
30246	FHA_01_001383_5	14	213.2	1721	-0.876	0.876	48.485
30246	FHA_01_001383_5	15	244.8	1760	-0.861	0.861	47.857
30246	FHA_01_001383_5	16	295.6	2039	-0.855	0.855	51.028
30246	FHA_01_001383_5	17	266.4	2250	-0.882	0.882	55.922
30246	FHA_01_001383_5	18	286	2147	-0.867	0.867	53.357
30246	FHA_01_001383_5	19	259.6	1525	-0.83	0.83	42.362
30246	FHA_01_001383_5	20	169.6	1090	-0.844	0.844	36.675
30246	FHA_01_001383_5	21	157.2	836	-0.812	0.812	30.461
30246	FHA_01_001383_5	22	136.4	650	-0.79	0.79	25.901
30246	FHA_01_001383_5	23	108	437	-0.753	0.753	19.93
30246	FHA_01_001383_5	24	127.2	282	-0.549	0.549	10.822
48269	FHA_01_000701_3	1	0	78	-1	1	12.49
48269	FHA_01_000701_3	2	4	59	-0.932	0.932	9.8
48269	FHA_01_000701_3	3	3.2	45	-0.929	0.929	8.515
48269	FHA_01_000701_3	4	16.8	52	-0.677	0.677	6.002
48269	FHA_01_000701_3	5	74.4	101	-0.263	0.263	2.84
48269	FHA_01_000701_3	6	196.4	239	-0.178	0.178	2.887
48269	FHA_01_000701_3	7	596.4	397	0.502	0.334	8.947
48269	FHA_01_000701_3	8	838.4	605	0.386	0.278	8.688
48269	FHA_01_000701_3	9	1090.4	587	0.858	0.462	17.382
48269	FHA_01_000701_3	10	844.8	657	0.286	0.222	6.853
48269	FHA_01_000701_3	11	684.4	716	-0.044	0.044	1.194
48269	FHA_01_000701_3	12	829.2	742	0.118	0.105	3.111
48269	FHA_01_000701_3	13	1006.4	774	0.3	0.231	7.789
48269	FHA_01_000701_3	14	1153.6	833	0.385	0.278	10.172
48269	FHA_01_000701_3	15	1472	906	0.625	0.385	16.414
48269	FHA_01_000701_3	16	1972	973	1.027	0.507	26.034
48269	FHA_01_000701_3	17	2062.8	1002	1.059	0.514	27.099
48269	FHA_01_000701_3	18	2104	907	1.32	0.569	30.85
48269	FHA_01_000701_3	19	2129.6	774	1.751	0.637	35.578
48269	FHA_01_000701_3	20	1854.8	534	2.473	0.712	38.217
48269	FHA_01_000701_3	21	1547.6	392	2.948	0.747	37.108
48269	FHA_01_000701_3	22	1160	304	2.816	0.738	31.639
48269	FHA_01_000701_3	23	911.2	216	3.219	0.763	29.284
48269	FHA_01_000701_3	24	762.8	148	4.154	0.806	28.81
57301	FHA_01_000114_5	1	4	252	-0.984	0.984	21.92
57301	FHA_01_000114_5	2	0	191	-1	1	19.545
57301	FHA_01_000114_5	3	16	172	-0.907	0.907	16.09
57301	FHA_01_000114_5	4	8	236	-0.966	0.966	20.642
57301	FHA_01_000114_5	5	74	474	-0.844	0.844	24.165
57301	FHA_01_000114_5	6	241.2	1136	-0.788	0.788	34.099
57301	FHA_01_000114_5	7	550.4	1510	-0.635	0.635	29.897
57301	FHA_01_000114_5	8	901.2	2003	-0.55	0.55	28.914
57301	FHA_01_000114_5	9	1084.4	1627	-0.333	0.333	14.737
57301	FHA_01_000114_5	10	897.6	1458	-0.384	0.384	16.329
57301	FHA_01_000114_5	11	686.8	1483	-0.537	0.537	24.173
57301	FHA_01_000114_5	12	612.8	1522	-0.597	0.597	27.829
57301	FHA_01_000114_5	13	547.2	1626	-0.663	0.663	32.727
57301	FHA_01_000114_5	14	670	1714	-0.609	0.609	30.239
57301	FHA_01_000114_5	15	777.2	1785	-0.565	0.565	28.157
57301	FHA_01_000114_5	16	971.2	1938	-0.499	0.499	25.349
57301	FHA_01_000114_5	17	936	2152	-0.565	0.565	30.946
57301	FHA_01_000114_5	18	983.2	2274	-0.568	0.568	31.985
57301	FHA_01_000114_5	19	842.4	1600	-0.474	0.474	21.679
57301	FHA_01_000114_5	20	701.2	1213	-0.422	0.422	16.543
57301	FHA_01_000114_5	21	532.8	1049	-0.492	0.492	18.355
57301	FHA_01_000114_5	22	435.2	840	-0.482	0.482	16.031
57301	FHA_01_000114_5	23	346.4	556	-0.377	0.377	9.867
57301	FHA_01_000114_5	24	297.2	387	-0.232	0.232	4.855
62312	FHA_01_000129_1	1	0	169	-1	1	18.385
62312	FHA_01_000129_1	2	6.8	144	-0.953	0.953	15.8
62312	FHA_01_000129_1	3	10.4	118	-0.912	0.912	13.429
62312	FHA_01_000129_1	4	73.2	141	-0.481	0.481	6.551
62312	FHA_01_000129_1	5	321.6	230	0.398	0.285	5.516
62312	FHA_01_000129_1	6	931.2	527	0.767	0.434	14.969
62312	FHA_01_000129_1	7	1708.4	1007	0.697	0.411	19.035
62312	FHA_01_000129_1	8	2259.6	1528	0.479	0.324	16.812
62312	FHA_01_000129_1	9	2349.2	1403	0.674	0.403	21.845
62312	FHA_01_000129_1	10	2147.6	1348	0.593	0.372	19.126
62312	FHA_01_000129_1	11	1853.6	1381	0.342	0.255	11.752
62312	FHA_01_000129_1	12	1848.4	1473	0.255	0.203	9.212
62312	FHA_01_000129_1	13	2002	1656	0.209	0.173	8.09
62312	FHA_01_000129_1	14	2355.6	1732	0.36	0.265	13.794
62312	FHA_01_000129_1	15	2655.6	1965	0.351	0.26	14.368
62312	FHA_01_000129_1	16	2728.8	2335	0.169	0.144	7.826
62312	FHA_01_000129_1	17	2749.2	2501	0.099	0.09	4.844
62312	FHA_01_000129_1	18	2571.2	2215	0.161	0.139	7.281
62312	FHA_01_000129_1	19	2436	1519	0.604	0.376	20.621
62312	FHA_01_000129_1	20	2347.2	1135	1.068	0.516	29.051
62312	FHA_01_000129_1	21	1841.2	919	1.003	0.501	24.824
62312	FHA_01_000129_1	22	1620.8	725	1.236	0.553	26.157
62312	FHA_01_000129_1	23	1440	495	1.909	0.656	30.381
62312	FHA_01_000129_1	24	1352.8	330	3.099	0.756	35.261
62531	FHA_01_000717_5	1	4	399	-0.99	0.99	27.827
62531	FHA_01_000717_5	2	7.6	280	-0.973	0.973	22.716
62531	FHA_01_000717_5	3	20.4	240	-0.915	0.915	19.245
62531	FHA_01_000717_5	4	175.2	314	-0.442	0.442	8.875
62531	FHA_01_000717_5	5	670.8	592	0.133	0.117	3.136
62531	FHA_01_000717_5	6	1685.6	1266	0.331	0.249	10.922
62531	FHA_01_000717_5	7	2764	2624	0.053	0.051	2.697
62531	FHA_01_000717_5	8	2984.8	3997	-0.253	0.253	17.132
62531	FHA_01_000717_5	9	2873.2	3777	-0.239	0.239	15.674
62531	FHA_01_000717_5	10	2434.8	3290	-0.26	0.26	15.985
62531	FHA_01_000717_5	11	2302.4	3395	-0.322	0.322	20.471
62531	FHA_01_000717_5	12	1933.6	3643	-0.469	0.469	32.372
62531	FHA_01_000717_5	13	1959.6	3765	-0.48	0.48	33.745
62531	FHA_01_000717_5	14	2222.8	3795	-0.414	0.414	28.662
62531	FHA_01_000717_5	15	2598.8	3948	-0.342	0.342	23.582
62531	FHA_01_000717_5	16	2787.2	4361	-0.361	0.361	26.325
62531	FHA_01_000717_5	17	2461.2	4531	-0.457	0.457	35.006
62531	FHA_01_000717_5	18	2498.8	4351	-0.426	0.426	31.649
62531	FHA_01_000717_5	19	2243.2	3164	-0.291	0.291	17.709
62531	FHA_01_000717_5	20	2052	2346	-0.125	0.125	6.27
62531	FHA_01_000717_5	21	1809.6	1866	-0.03	0.03	1.316
62531	FHA_01_000717_5	22	1520.4	1511	0.006	0.006	0.241
62531	FHA_01_000717_5	23	1320.4	1040	0.27	0.212	8.162
62531	FHA_01_000717_5	24	1154.8	683	0.691	0.409	15.564
62751	FHA_01_000123_1	1	0	164	-1	1	18.111
62751	FHA_01_000123_1	2	2.8	111	-0.975	0.975	14.344
62751	FHA_01_000123_1	3	4.4	106	-0.958	0.958	13.675
62751	FHA_01_000123_1	4	48	197	-0.756	0.756	13.462
62751	FHA_01_000123_1	5	238.4	487	-0.51	0.51	13.054
62751	FHA_01_000123_1	6	905.6	1054	-0.141	0.141	4.741
62751	FHA_01_000123_1	7	1500	2179	-0.312	0.312	15.831
62751	FHA_01_000123_1	8	2078.8	2894	-0.282	0.282	16.349
62751	FHA_01_000123_1	9	2172	2339	-0.071	0.071	3.516
62751	FHA_01_000123_1	10	1882.8	1853	0.016	0.016	0.69
62751	FHA_01_000123_1	11	1580.8	1792	-0.118	0.118	5.143
62751	FHA_01_000123_1	12	1638.4	1774	-0.076	0.076	3.283
62751	FHA_01_000123_1	13	1692	1836	-0.078	0.078	3.429
62751	FHA_01_000123_1	14	2132.4	1825	0.168	0.144	6.911
62751	FHA_01_000123_1	15	2553.2	1911	0.336	0.252	13.593
62751	FHA_01_000123_1	16	2932.4	1939	0.512	0.339	20.129
62751	FHA_01_000123_1	17	3208	2097	0.53	0.346	21.572
62751	FHA_01_000123_1	18	2987.2	1999	0.494	0.331	19.791
62751	FHA_01_000123_1	19	2715.6	1476	0.84	0.456	27.077
62751	FHA_01_000123_1	20	2423.2	1144	1.118	0.528	30.289
62751	FHA_01_000123_1	21	1808	875	1.066	0.516	25.473
62751	FHA_01_000123_1	22	1612.8	665	1.425	0.588	28.085
62751	FHA_01_000123_1	23	1363.2	444	2.07	0.674	30.579
62751	FHA_01_000123_1	24	1262	279	3.523	0.779	35.413
62831	FHA_01_000117_1	1	2.8	322	-0.991	0.991	25.048
62831	FHA_01_000117_1	2	0	255	-1	1	22.583
62831	FHA_01_000117_1	3	12.4	232	-0.947	0.947	19.865
62831	FHA_01_000117_1	4	89.6	275	-0.674	0.674	13.731
62831	FHA_01_000117_1	5	418	426	-0.019	0.019	0.389
62831	FHA_01_000117_1	6	1281.2	904	0.417	0.294	11.411
62831	FHA_01_000117_1	7	2044.8	2002	0.021	0.021	0.951
62831	FHA_01_000117_1	8	2654.8	2876	-0.077	0.077	4.206
62831	FHA_01_000117_1	9	2510.8	2621	-0.042	0.042	2.176
62831	FHA_01_000117_1	10	2021.6	2345	-0.138	0.138	6.921
62831	FHA_01_000117_1	11	1860.8	2347	-0.207	0.207	10.6
62831	FHA_01_000117_1	12	1928.4	2474	-0.221	0.221	11.629
62831	FHA_01_000117_1	13	1923.6	2670	-0.28	0.28	15.574
62831	FHA_01_000117_1	14	2437.6	2814	-0.134	0.134	7.345
62831	FHA_01_000117_1	15	2874.4	3079	-0.066	0.066	3.75
62831	FHA_01_000117_1	16	3336	3502	-0.047	0.047	2.839
62831	FHA_01_000117_1	17	3253.6	3970	-0.18	0.18	11.92
62831	FHA_01_000117_1	18	3209.6	3703	-0.133	0.133	8.393
62831	FHA_01_000117_1	19	2785.2	2442	0.141	0.123	6.713
62831	FHA_01_000117_1	20	2368.8	1826	0.297	0.229	11.852
62831	FHA_01_000117_1	21	1794.4	1454	0.234	0.19	8.446
62831	FHA_01_000117_1	22	1645.2	1148	0.433	0.302	13.304
62831	FHA_01_000117_1	23	1384.8	821	0.687	0.407	16.977
62831	FHA_01_000117_1	24	1324.8	552	1.4	0.583	25.227
66619	FHA_01_000118_1	1	2.8	319	-0.991	0.991	24.928
66619	FHA_01_000118_1	2	0	256	-1	1	22.627
66619	FHA_01_000118_1	3	6.4	232	-0.972	0.972	20.663
66619	FHA_01_000118_1	4	54.4	270	-0.799	0.799	16.929
66619	FHA_01_000118_1	5	337.6	409	-0.175	0.175	3.695
66619	FHA_01_000118_1	6	989.6	814	0.216	0.177	5.847
66619	FHA_01_000118_1	7	1692	1722	-0.017	0.017	0.726
66619	FHA_01_000118_1	8	2253.6	2499	-0.098	0.098	5.034
66619	FHA_01_000118_1	9	2148.8	2322	-0.075	0.075	3.663
66619	FHA_01_000118_1	10	1744.4	2195	-0.205	0.205	10.153
66619	FHA_01_000118_1	11	1633.2	2232	-0.268	0.268	13.621
66619	FHA_01_000118_1	12	1682.4	2369	-0.29	0.29	15.255
66619	FHA_01_000118_1	13	1676	2584	-0.351	0.351	19.674
66619	FHA_01_000118_1	14	2172.4	2658	-0.183	0.183	9.881
66619	FHA_01_000118_1	15	2560.4	2999	-0.146	0.146	8.319
66619	FHA_01_000118_1	16	2980	3541	-0.158	0.158	9.825
66619	FHA_01_000118_1	17	3051.2	3957	-0.229	0.229	15.302
66619	FHA_01_000118_1	18	2964	3735	-0.206	0.206	13.322
66619	FHA_01_000118_1	19	2584.4	2447	0.056	0.053	2.739
66619	FHA_01_000118_1	20	2210.4	1799	0.229	0.186	9.188
66619	FHA_01_000118_1	21	1670.8	1405	0.189	0.159	6.778
66619	FHA_01_000118_1	22	1490	1127	0.322	0.244	10.035
66619	FHA_01_000118_1	23	1232	801	0.538	0.35	13.518
66619	FHA_01_000118_1	24	1186	543	1.184	0.542	21.869
76481	FHA_01_000118_5	1	0	302	-1	1	24.576
76481	FHA_01_000118_5	2	2	233	-0.991	0.991	21.31
76481	FHA_01_000118_5	3	32	206	-0.845	0.845	15.951
76481	FHA_01_000118_5	4	139.2	301	-0.538	0.538	10.906
76481	FHA_01_000118_5	5	699.2	582	0.201	0.168	4.631
76481	FHA_01_000118_5	6	1797.2	1338	0.343	0.256	11.598
76481	FHA_01_000118_5	7	2887.2	2837	0.018	0.017	0.938
76481	FHA_01_000118_5	8	3236.8	4043	-0.199	0.199	13.363
76481	FHA_01_000118_5	9	3096.8	3381	-0.084	0.084	4.994
76481	FHA_01_000118_5	10	2548.8	2620	-0.027	0.027	1.401
76481	FHA_01_000118_5	11	2104.8	2478	-0.151	0.151	7.796
76481	FHA_01_000118_5	12	1766.8	2428	-0.272	0.272	14.438
76481	FHA_01_000118_5	13	1624	2492	-0.348	0.348	19.134
76481	FHA_01_000118_5	14	1802	2398	-0.249	0.249	13.006
76481	FHA_01_000118_5	15	2094.4	2528	-0.172	0.172	9.019
76481	FHA_01_000118_5	16	2348	2703	-0.131	0.131	7.064
76481	FHA_01_000118_5	17	2238.4	3040	-0.264	0.264	15.603
76481	FHA_01_000118_5	18	2024	2860	-0.292	0.292	16.917
76481	FHA_01_000118_5	19	1801.6	1989	-0.094	0.094	4.305
76481	FHA_01_000118_5	20	1440.8	1499	-0.039	0.039	1.518
76481	FHA_01_000118_5	21	1247.6	1162	0.074	0.069	2.466
76481	FHA_01_000118_5	22	1049.2	928	0.131	0.116	3.855
76481	FHA_01_000118_5	23	897.2	667	0.345	0.257	8.231
76481	FHA_01_000118_5	24	706	470	0.502	0.334	9.732
76614	FHA_01_000122_5	1	0	175	-1	1	18.708
76614	FHA_01_000122_5	2	4	118	-0.966	0.966	14.596
76614	FHA_01_000122_5	3	29.6	119	-0.751	0.751	10.372
76614	FHA_01_000122_5	4	161.6	200	-0.192	0.192	2.856
76614	FHA_01_000122_5	5	771.6	470	0.642	0.391	12.105
76614	FHA_01_000122_5	6	1877.2	1007	0.864	0.464	22.915
76614	FHA_01_000122_5	7	2942	2139	0.375	0.273	15.931
76614	FHA_01_000122_5	8	3336.8	2982	0.119	0.106	6.312
76614	FHA_01_000122_5	9	3192.4	2451	0.302	0.232	13.957
76614	FHA_01_000122_5	10	2728	1942	0.405	0.288	16.266
76614	FHA_01_000122_5	11	2270.4	1855	0.224	0.183	9.146
76614	FHA_01_000122_5	12	1883.2	1846	0.02	0.02	0.861
76614	FHA_01_000122_5	13	1717.6	1897	-0.095	0.095	4.22
76614	FHA_01_000122_5	14	1804.4	1897	-0.049	0.049	2.152
76614	FHA_01_000122_5	15	2116.8	2001	0.058	0.055	2.552
76614	FHA_01_000122_5	16	2332.4	2069	0.127	0.113	5.615
76614	FHA_01_000122_5	17	2202	2289	-0.038	0.038	1.836
76614	FHA_01_000122_5	18	2035.2	2144	-0.051	0.051	2.38
76614	FHA_01_000122_5	19	1818	1558	0.167	0.143	6.328
76614	FHA_01_000122_5	20	1535.2	1166	0.317	0.24	10.046
76614	FHA_01_000122_5	21	1258.8	899	0.4	0.286	10.954
76614	FHA_01_000122_5	22	1069.6	693	0.543	0.352	12.686
76614	FHA_01_000122_5	23	891.2	467	0.908	0.476	16.278
76614	FHA_01_000122_5	24	728.4	298	1.444	0.591	18.999
76679	FHA_01_000122_1	1	2.8	207	-0.986	0.986	19.937
76679	FHA_01_000122_1	2	0	166	-1	1	18.221
76679	FHA_01_000122_1	3	4.4	130	-0.966	0.966	15.322
76679	FHA_01_000122_1	4	46	145	-0.683	0.683	10.131
76679	FHA_01_000122_1	5	270.8	243	0.114	0.103	1.734
76679	FHA_01_000122_1	6	989.2	571	0.732	0.423	14.973
76679	FHA_01_000122_1	7	1562.4	1270	0.23	0.187	7.77
76679	FHA_01_000122_1	8	2178	1925	0.131	0.116	5.586
76679	FHA_01_000122_1	9	2254.4	1714	0.315	0.24	12.132
76679	FHA_01_000122_1	10	1919.2	1630	0.177	0.151	6.865
76679	FHA_01_000122_1	11	1614	1660	-0.028	0.028	1.137
76679	FHA_01_000122_1	12	1650.4	1771	-0.068	0.068	2.916
76679	FHA_01_000122_1	13	1749.2	1960	-0.108	0.108	4.895
76679	FHA_01_000122_1	14	2161.2	2093	0.033	0.032	1.479
76679	FHA_01_000122_1	15	2592	2355	0.101	0.091	4.765
76679	FHA_01_000122_1	16	2949.6	2831	0.042	0.04	2.206
76679	FHA_01_000122_1	17	3257.2	3157	0.032	0.031	1.769
76679	FHA_01_000122_1	18	3134	3029	0.035	0.034	1.892
76679	FHA_01_000122_1	19	2707.2	1997	0.356	0.262	14.644
76679	FHA_01_000122_1	20	2406	1405	0.712	0.416	22.931
76679	FHA_01_000122_1	21	1831.2	1106	0.656	0.396	18.924
76679	FHA_01_000122_1	22	1628	868	0.876	0.467	21.513
76679	FHA_01_000122_1	23	1358.4	614	1.212	0.548	23.704
76679	FHA_01_000122_1	24	1246.4	402	2.1	0.677	29.412
78445	FHA_01_001401_5	1	0	50	-1	1	10
78445	FHA_01_001401_5	2	0	25	-1	1	7.071
78445	FHA_01_001401_5	3	23.6	19	0.242	0.195	0.997
78445	FHA_01_001401_5	4	114	29	2.931	0.746	10.052
78445	FHA_01_001401_5	5	670.4	82	7.176	0.878	30.336
78445	FHA_01_001401_5	6	1631.2	220	6.415	0.865	46.385
78445	FHA_01_001401_5	7	2682.8	710	2.779	0.735	47.898
78445	FHA_01_001401_5	8	3496.8	1223	1.859	0.65	46.806
78445	FHA_01_001401_5	9	3374.4	1220	1.766	0.638	44.95
78445	FHA_01_001401_5	10	2820.4	936	2.013	0.668	43.481
78445	FHA_01_001401_5	11	2342	834	1.808	0.644	37.842
78445	FHA_01_001401_5	12	2196	868	1.53	0.605	33.929
78445	FHA_01_001401_5	13	2573.6	913	1.819	0.645	39.772
78445	FHA_01_001401_5	14	3181.6	897	2.547	0.718	50.591
78445	FHA_01_001401_5	15	3995.2	881	3.535	0.779	63.07
78445	FHA_01_001401_5	16	4522	921	3.91	0.796	69.027
78445	FHA_01_001401_5	17	4925.2	911	4.406	0.815	74.31
78445	FHA_01_001401_5	18	4710	965	3.881	0.795	70.305
78445	FHA_01_001401_5	19	4128	727	4.678	0.824	69.028
78445	FHA_01_001401_5	20	3460.4	567	5.103	0.836	64.478
78445	FHA_01_001401_5	21	2710.4	437	5.202	0.839	57.308
78445	FHA_01_001401_5	22	2238	317	6.06	0.858	53.746
78445	FHA_01_001401_5	23	1983.2	194	9.223	0.902	54.228
78445	FHA_01_001401_5	24	1864.4	112	15.646	0.94	55.746
79982	FHA_01_000134_1	1	4	413	-0.99	0.99	28.325
79982	FHA_01_000134_1	2	9.6	299	-0.968	0.968	23.298
79982	FHA_01_000134_1	3	9.2	281	-0.967	0.967	22.564
79982	FHA_01_000134_1	4	111.6	360	-0.69	0.69	16.176
79982	FHA_01_000134_1	5	393.2	626	-0.372	0.372	10.313
79982	FHA_01_000134_1	6	1199.6	1366	-0.122	0.122	4.646
79982	FHA_01_000134_1	7	2327.2	3005	-0.226	0.226	13.127
79982	FHA_01_000134_1	8	3253.2	4310	-0.245	0.245	17.185
79982	FHA_01_000134_1	9	3511.2	3881	-0.095	0.095	6.083
79982	FHA_01_000134_1	10	2449.6	3326	-0.263	0.263	16.309
79982	FHA_01_000134_1	11	1911.2	3346	-0.429	0.429	27.985
79982	FHA_01_000134_1	12	1816.8	3514	-0.483	0.483	32.874
79982	FHA_01_000134_1	13	1770	3779	-0.532	0.532	38.141
79982	FHA_01_000134_1	14	2152.8	3820	-0.436	0.436	30.508
79982	FHA_01_000134_1	15	2631.6	3866	-0.319	0.319	21.657
79982	FHA_01_000134_1	16	3106	4072	-0.237	0.237	16.125
79982	FHA_01_000134_1	17	3083.6	4344	-0.29	0.29	20.682
79982	FHA_01_000134_1	18	2860.4	4321	-0.338	0.338	24.375
79982	FHA_01_000134_1	19	2402.4	3388	-0.291	0.291	18.317
79982	FHA_01_000134_1	20	1927.2	2593	-0.257	0.257	14.005
79982	FHA_01_000134_1	21	1441.6	2054	-0.298	0.298	14.648
79982	FHA_01_000134_1	22	1198.4	1516	-0.209	0.209	8.621
79982	FHA_01_000134_1	23	1024.8	1028	-0.003	0.003	0.1
79982	FHA_01_000134_1	24	816.8	656	0.245	0.197	5.926
79983	FHA_01_000134_5	1	5.2	401	-0.987	0.987	27.773
79983	FHA_01_000134_5	2	7.6	271	-0.972	0.972	22.317
79983	FHA_01_000134_5	3	18.8	227	-0.917	0.917	18.78
79983	FHA_01_000134_5	4	95.2	284	-0.665	0.665	13.711
79983	FHA_01_000134_5	5	492.4	557	-0.116	0.116	2.82
79983	FHA_01_000134_5	6	1291.2	1205	0.072	0.067	2.44
79983	FHA_01_000134_5	7	2394.4	2174	0.101	0.092	4.612
79983	FHA_01_000134_5	8	3015.6	3222	-0.064	0.064	3.696
79983	FHA_01_000134_5	9	3040.4	3098	-0.019	0.019	1.04
79983	FHA_01_000134_5	10	2500.4	2929	-0.146	0.146	8.226
79983	FHA_01_000134_5	11	2134.8	3096	-0.31	0.31	18.795
79983	FHA_01_000134_5	12	1668.4	3313	-0.496	0.496	32.953
79983	FHA_01_000134_5	13	1797.2	3401	-0.472	0.472	31.459
79983	FHA_01_000134_5	14	1963.6	3357	-0.415	0.415	27.015
79983	FHA_01_000134_5	15	2278.4	3490	-0.347	0.347	22.56
79983	FHA_01_000134_5	16	2847.2	3849	-0.26	0.26	17.313
79983	FHA_01_000134_5	17	2611.2	4162	-0.373	0.373	26.649
79983	FHA_01_000134_5	18	2543.6	4164	-0.389	0.389	27.98
79983	FHA_01_000134_5	19	2051.2	2985	-0.313	0.313	18.609
79983	FHA_01_000134_5	20	1825.6	2270	-0.196	0.196	9.82
79983	FHA_01_000134_5	21	1414.8	1819	-0.222	0.222	10.052
79983	FHA_01_000134_5	22	1124.8	1448	-0.223	0.223	9.011
79983	FHA_01_000134_5	23	906.4	1023	-0.114	0.114	3.754
79983	FHA_01_000134_5	24	787.2	680	0.158	0.136	3.958
79986	FHA_01_001384_1	1	1.6	176	-0.991	0.991	18.507
79986	FHA_01_001384_1	2	2.4	111	-0.978	0.978	14.422
79986	FHA_01_001384_1	3	4.4	93	-0.953	0.953	12.696
79986	FHA_01_001384_1	4	76	153	-0.503	0.503	7.196
79986	FHA_01_001384_1	5	252.4	311	-0.188	0.188	3.491
79986	FHA_01_001384_1	6	714.8	735	-0.027	0.027	0.75
79986	FHA_01_001384_1	7	1304	1614	-0.192	0.192	8.116
79986	FHA_01_001384_1	8	1922	2090	-0.08	0.08	3.751
79986	FHA_01_001384_1	9	2124.8	1896	0.121	0.108	5.103
79986	FHA_01_001384_1	10	1612.4	1621	-0.005	0.005	0.214
79986	FHA_01_001384_1	11	1274.8	1606	-0.206	0.206	8.727
79986	FHA_01_001384_1	12	1306	1591	-0.179	0.179	7.488
79986	FHA_01_001384_1	13	1106.4	1761	-0.372	0.372	17.288
79986	FHA_01_001384_1	14	1230.4	1753	-0.298	0.298	13.531
79986	FHA_01_001384_1	15	1512.8	1741	-0.131	0.131	5.658
79986	FHA_01_001384_1	16	1832	1825	0.004	0.004	0.164
79986	FHA_01_001384_1	17	1782	2052	-0.132	0.132	6.167
79986	FHA_01_001384_1	18	1681.2	2157	-0.221	0.221	10.861
79986	FHA_01_001384_1	19	1442	1719	-0.161	0.161	6.968
79986	FHA_01_001384_1	20	1146.8	1343	-0.146	0.146	5.561
79986	FHA_01_001384_1	21	807.6	1020	-0.208	0.208	7.026
79986	FHA_01_001384_1	22	703.2	761	-0.076	0.076	2.136
79986	FHA_01_001384_1	23	577.2	512	0.127	0.113	2.794
79986	FHA_01_001384_1	24	468.8	314	0.493	0.33	7.825
81860	FHA_01_000115_5	1	3.6	264	-0.986	0.986	22.512
81860	FHA_01_000115_5	2	4.4	195	-0.977	0.977	19.089
81860	FHA_01_000115_5	3	11.6	168	-0.931	0.931	16.504
81860	FHA_01_000115_5	4	42.4	220	-0.807	0.807	15.505
81860	FHA_01_000115_5	5	178.8	436	-0.59	0.59	14.67
81860	FHA_01_000115_5	6	512	1083	-0.527	0.527	20.22
81860	FHA_01_000115_5	7	1007.2	1450	-0.305	0.305	12.633
81860	FHA_01_000115_5	8	1352.8	1926	-0.298	0.298	14.157
81860	FHA_01_000115_5	9	1448	1639	-0.117	0.117	4.862
81860	FHA_01_000115_5	10	1143.2	1497	-0.236	0.236	9.738
81860	FHA_01_000115_5	11	1013.6	1546	-0.344	0.344	14.882
81860	FHA_01_000115_5	12	910	1603	-0.432	0.432	19.55
81860	FHA_01_000115_5	13	937.6	1715	-0.453	0.453	21.346
81860	FHA_01_000115_5	14	976.4	1827	-0.466	0.466	22.719
81860	FHA_01_000115_5	15	1098.4	1935	-0.432	0.432	21.482
81860	FHA_01_000115_5	16	1437.6	2135	-0.327	0.327	16.501
81860	FHA_01_000115_5	17	1510.4	2453	-0.384	0.384	21.174
81860	FHA_01_000115_5	18	1450	2632	-0.449	0.449	26.164
81860	FHA_01_000115_5	19	1229.6	1785	-0.311	0.311	14.306
81860	FHA_01_000115_5	20	895.2	1361	-0.342	0.342	13.868
81860	FHA_01_000115_5	21	720.4	1117	-0.355	0.355	13.085
81860	FHA_01_000115_5	22	636.4	896	-0.29	0.29	9.379
81860	FHA_01_000115_5	23	409.2	623	-0.343	0.343	9.411
81860	FHA_01_000115_5	24	413.2	433	-0.046	0.046	0.963
97470	FHA_01_001382_5	1	0	146	-1	1	17.088
97470	FHA_01_001382_5	2	0	98	-1	1	14
97470	FHA_01_001382_5	3	4.4	87	-0.949	0.949	12.219
97470	FHA_01_001382_5	4	112	117	-0.043	0.043	0.467
97470	FHA_01_001382_5	5	355.2	242	0.468	0.319	6.551
97470	FHA_01_001382_5	6	894	559	0.599	0.375	12.429
97470	FHA_01_001382_5	7	1328.4	1317	0.009	0.009	0.313
97470	FHA_01_001382_5	8	1438.8	2017	-0.287	0.287	13.91
97470	FHA_01_001382_5	9	1380.8	1905	-0.275	0.275	12.933
97470	FHA_01_001382_5	10	1173.6	1608	-0.27	0.27	11.648
97470	FHA_01_001382_5	11	1160.8	1574	-0.263	0.263	11.174
97470	FHA_01_001382_5	12	1116.4	1666	-0.33	0.33	14.735
97470	FHA_01_001382_5	13	1110.4	1716	-0.353	0.353	16.11
97470	FHA_01_001382_5	14	1240.4	1762	-0.296	0.296	13.462
97470	FHA_01_001382_5	15	1430.8	1817	-0.213	0.213	9.584
97470	FHA_01_001382_5	16	1491.2	2011	-0.258	0.258	12.422
97470	FHA_01_001382_5	17	1441.6	2085	-0.309	0.309	15.322
97470	FHA_01_001382_5	18	1407.2	1966	-0.284	0.284	13.607
97470	FHA_01_001382_5	19	1398	1453	-0.038	0.038	1.457
97470	FHA_01_001382_5	20	1275.2	1045	0.22	0.181	6.759
97470	FHA_01_001382_5	21	1106.8	824	0.343	0.256	9.102
97470	FHA_01_001382_5	22	974	674	0.445	0.308	10.451
97470	FHA_01_001382_5	23	853.6	445	0.918	0.479	16.035
97470	FHA_01_001382_5	24	757.6	282	1.687	0.628	20.86
97472	FHA_01_031382_5	1	4	95	-0.958	0.958	12.934
97472	FHA_01_031382_5	2	7.6	69	-0.89	0.89	9.921
97472	FHA_01_031382_5	3	15.2	63	-0.759	0.759	7.644
97472	FHA_01_031382_5	4	60.4	86	-0.298	0.298	2.992
97472	FHA_01_031382_5	5	302	182	0.659	0.397	7.714
97472	FHA_01_031382_5	6	774.8	405	0.913	0.477	15.226
97472	FHA_01_031382_5	7	1338.4	947	0.413	0.292	11.579
97472	FHA_01_031382_5	8	1569.2	1430	0.097	0.089	3.595
97472	FHA_01_031382_5	9	1509.2	1244	0.213	0.176	7.148
97472	FHA_01_031382_5	10	1323.2	1045	0.266	0.21	8.085
97472	FHA_01_031382_5	11	1140.8	1032	0.105	0.095	3.301
97472	FHA_01_031382_5	12	828.8	1071	-0.226	0.226	7.858
97472	FHA_01_031382_5	13	836.8	1094	-0.235	0.235	8.278
97472	FHA_01_031382_5	14	950	1142	-0.168	0.168	5.937
97472	FHA_01_031382_5	15	1079.6	1226	-0.119	0.119	4.312
97472	FHA_01_031382_5	16	1212.8	1388	-0.126	0.126	4.858
97472	FHA_01_031382_5	17	1022.8	1440	-0.29	0.29	11.889
97472	FHA_01_031382_5	18	1141.2	1356	-0.158	0.158	6.079
97472	FHA_01_031382_5	19	892.8	954	-0.064	0.064	2.014
97472	FHA_01_031382_5	20	846.4	665	0.273	0.214	6.599
97472	FHA_01_031382_5	21	747.6	511	0.463	0.316	9.432
97472	FHA_01_031382_5	22	550.4	420	0.31	0.237	5.92
97472	FHA_01_031382_5	23	458.8	278	0.65	0.394	9.42
97472	FHA_01_031382_5	24	412.8	176	1.345	0.574	13.801
98424	FHA_01_000422_3	1	0	102	-1	1	14.283
98424	FHA_01_000422_3	2	0	63	-1	1	11.225
98424	FHA_01_000422_3	3	2.8	56	-0.95	0.95	9.812
98424	FHA_01_000422_3	4	35.2	75	-0.531	0.531	5.362
98424	FHA_01_000422_3	5	183.6	110	0.669	0.401	6.075
98424	FHA_01_000422_3	6	349.6	277	0.262	0.208	4.102
98424	FHA_01_000422_3	7	589.6	480	0.228	0.186	4.739
98424	FHA_01_000422_3	8	647.6	619	0.046	0.044	1.136
98424	FHA_01_000422_3	9	624	563	0.108	0.098	2.504
98424	FHA_01_000422_3	10	441.6	490	-0.099	0.099	2.243
98424	FHA_01_000422_3	11	326.4	475	-0.313	0.313	7.424
98424	FHA_01_000422_3	12	329.6	473	-0.303	0.303	7.158
98424	FHA_01_000422_3	13	362	519	-0.303	0.303	7.48
98424	FHA_01_000422_3	14	470	543	-0.134	0.134	3.244
98424	FHA_01_000422_3	15	536.8	546	-0.017	0.017	0.395
98424	FHA_01_000422_3	16	440.4	556	-0.208	0.208	5.179
98424	FHA_01_000422_3	17	502.8	575	-0.126	0.126	3.11
98424	FHA_01_000422_3	18	435.2	561	-0.224	0.224	5.637
98424	FHA_01_000422_3	19	425.6	524	-0.188	0.188	4.516
98424	FHA_01_000422_3	20	356.8	449	-0.205	0.205	4.593
98424	FHA_01_000422_3	21	277.2	427	-0.351	0.351	7.983
98424	FHA_01_000422_3	22	279.2	324	-0.138	0.138	2.58
98424	FHA_01_000422_3	23	232.8	229	0.017	0.016	0.25
98424	FHA_01_000422_3	24	136.4	167	-0.183	0.183	2.484
98425	FHA_01_000422_7	1	0	128	-1	1	16
98425	FHA_01_000422_7	2	2.8	84	-0.967	0.967	12.326
98425	FHA_01_000422_7	3	1.2	61	-0.98	0.98	10.723
98425	FHA_01_000422_7	4	7.2	53	-0.864	0.864	8.348
98425	FHA_01_000422_7	5	69.2	67	0.033	0.032	0.267
98425	FHA_01_000422_7	6	150.8	140	0.077	0.072	0.896
98425	FHA_01_000422_7	7	269.2	240	0.122	0.108	1.83
98425	FHA_01_000422_7	8	320.4	353	-0.092	0.092	1.777
98425	FHA_01_000422_7	9	400.4	393	0.019	0.018	0.372
98425	FHA_01_000422_7	10	438.4	399	0.099	0.09	1.926
98425	FHA_01_000422_7	11	406.4	442	-0.081	0.081	1.728
98425	FHA_01_000422_7	12	452.8	468	-0.032	0.032	0.708
98425	FHA_01_000422_7	13	453.6	529	-0.143	0.143	3.402
98425	FHA_01_000422_7	14	577.6	554	0.043	0.041	0.992
98425	FHA_01_000422_7	15	585.6	621	-0.057	0.057	1.441
98425	FHA_01_000422_7	16	717.2	695	0.032	0.031	0.835
98425	FHA_01_000422_7	17	684	725	-0.057	0.057	1.545
98425	FHA_01_000422_7	18	625.6	734	-0.148	0.148	4.158
98425	FHA_01_000422_7	19	532.8	626	-0.149	0.149	3.872
98425	FHA_01_000422_7	20	472	547	-0.137	0.137	3.323
98425	FHA_01_000422_7	21	378	476	-0.206	0.206	4.743
98425	FHA_01_000422_7	22	348	403	-0.136	0.136	2.838
98425	FHA_01_000422_7	23	337.6	313	0.079	0.073	1.364
98425	FHA_01_000422_7	24	230.4	227	0.015	0.015	0.225
