Link Id	Count Station Id	Hour	MATSIM volumes	Count volumes	Relative Error	Normalized Relative Error	GEH
13484	FHA_01_001402_5+FHA_01_021402_5	1	28	75	-0.627	0.627	6.549
13484	FHA_01_001402_5+FHA_01_021402_5	2	16	41	-0.61	0.61	4.683
13484	FHA_01_001402_5+FHA_01_021402_5	3	32.8	31	0.058	0.055	0.319
13484	FHA_01_001402_5+FHA_01_021402_5	4	46.4	32	0.45	0.31	2.3
13484	FHA_01_001402_5+FHA_01_021402_5	5	214.4	54	2.97	0.748	13.846
13484	FHA_01_001402_5+FHA_01_021402_5	6	678.8	146	3.649	0.785	26.236
13484	FHA_01_001402_5+FHA_01_021402_5	7	1224.8	376	2.257	0.693	30.002
13484	FHA_01_001402_5+FHA_01_021402_5	8	1375.6	714	0.927	0.481	20.468
13484	FHA_01_001402_5+FHA_01_021402_5	9	1400.8	706	0.984	0.496	21.407
13484	FHA_01_001402_5+FHA_01_021402_5	10	1316	656	1.006	0.502	21.019
13484	FHA_01_001402_5+FHA_01_021402_5	11	1260.4	675	0.867	0.464	18.818
13484	FHA_01_001402_5+FHA_01_021402_5	12	1060	752	0.41	0.291	10.233
13484	FHA_01_001402_5+FHA_01_021402_5	13	1051.6	808	0.301	0.232	7.989
13484	FHA_01_001402_5+FHA_01_021402_5	14	1198.4	805	0.489	0.328	12.43
13484	FHA_01_001402_5+FHA_01_021402_5	15	1289.2	828	0.557	0.358	14.175
13484	FHA_01_001402_5+FHA_01_021402_5	16	1320	901	0.465	0.317	12.573
13484	FHA_01_001402_5+FHA_01_021402_5	17	1286	984	0.307	0.235	8.964
13484	FHA_01_001402_5+FHA_01_021402_5	18	1174	964	0.218	0.179	6.423
13484	FHA_01_001402_5+FHA_01_021402_5	19	963.2	716	0.345	0.257	8.531
13484	FHA_01_001402_5+FHA_01_021402_5	20	803.6	533	0.508	0.337	10.467
13484	FHA_01_001402_5+FHA_01_021402_5	21	611.6	424	0.442	0.307	8.244
13484	FHA_01_001402_5+FHA_01_021402_5	22	470.4	329	0.43	0.301	7.073
13484	FHA_01_001402_5+FHA_01_021402_5	23	336.4	226	0.488	0.328	6.584
13484	FHA_01_001402_5+FHA_01_021402_5	24	157.6	141	0.118	0.105	1.359
139305	FHA_01_001462_1	1	15.6	14	0.114	0.103	0.416
139305	FHA_01_001462_1	2	8.8	7	0.257	0.205	0.64
139305	FHA_01_001462_1	3	14.8	8	0.85	0.459	2.014
139305	FHA_01_001462_1	4	78.8	11	6.164	0.86	10.118
139305	FHA_01_001462_1	5	289.6	17	16.035	0.941	22.017
139305	FHA_01_001462_1	6	705.2	39	17.082	0.945	34.536
139305	FHA_01_001462_1	7	1215.2	95	11.792	0.922	43.766
139305	FHA_01_001462_1	8	1445.6	177	7.167	0.878	44.538
139305	FHA_01_001462_1	9	1274.8	184	5.928	0.856	40.389
139305	FHA_01_001462_1	10	945.2	190	3.975	0.799	31.699
139305	FHA_01_001462_1	11	765.2	211	2.627	0.724	25.085
139305	FHA_01_001462_1	12	586	231	1.537	0.606	17.564
139305	FHA_01_001462_1	13	577.6	272	1.124	0.529	14.827
139305	FHA_01_001462_1	14	564	275	1.051	0.512	14.11
139305	FHA_01_001462_1	15	674	263	1.563	0.61	18.988
139305	FHA_01_001462_1	16	805.2	286	1.815	0.645	22.228
139305	FHA_01_001462_1	17	636.8	327	0.947	0.486	14.112
139305	FHA_01_001462_1	18	670.8	325	1.064	0.516	15.497
139305	FHA_01_001462_1	19	498	257	0.938	0.484	12.404
139305	FHA_01_001462_1	20	416.8	184	1.265	0.559	13.432
139305	FHA_01_001462_1	21	262.8	176	0.493	0.33	5.86
139305	FHA_01_001462_1	22	166	104	0.596	0.373	5.336
139305	FHA_01_001462_1	23	112.4	55	1.044	0.511	6.274
139305	FHA_01_001462_1	24	52	26	1	0.5	4.163
139543	FHA_01_001464_5	1	4	69	-0.942	0.942	10.759
139543	FHA_01_001464_5	2	0.8	35	-0.977	0.977	8.084
139543	FHA_01_001464_5	3	4.4	27	-0.837	0.837	5.704
139543	FHA_01_001464_5	4	28	31	-0.097	0.097	0.552
139543	FHA_01_001464_5	5	169.2	54	2.133	0.681	10.905
139543	FHA_01_001464_5	6	456.8	136	2.359	0.702	18.634
139543	FHA_01_001464_5	7	850.8	447	0.903	0.475	15.852
139543	FHA_01_001464_5	8	1112.8	818	0.36	0.265	9.488
139543	FHA_01_001464_5	9	1274.4	836	0.524	0.344	13.496
139543	FHA_01_001464_5	10	1090.4	719	0.517	0.341	12.348
139543	FHA_01_001464_5	11	936.4	741	0.264	0.209	6.747
139543	FHA_01_001464_5	12	726	850	-0.146	0.146	4.417
139543	FHA_01_001464_5	13	540.4	882	-0.387	0.387	12.809
139543	FHA_01_001464_5	14	544	840	-0.352	0.352	11.252
139543	FHA_01_001464_5	15	582	839	-0.306	0.306	9.642
139543	FHA_01_001464_5	16	640.8	899	-0.287	0.287	9.305
139543	FHA_01_001464_5	17	628.8	904	-0.304	0.304	9.941
139543	FHA_01_001464_5	18	532.4	890	-0.402	0.402	13.409
139543	FHA_01_001464_5	19	480	661	-0.274	0.274	7.578
139543	FHA_01_001464_5	20	350.8	460	-0.237	0.237	5.424
139543	FHA_01_001464_5	21	230.4	338	-0.318	0.318	6.383
139543	FHA_01_001464_5	22	181.6	256	-0.291	0.291	5.03
139543	FHA_01_001464_5	23	133.6	184	-0.274	0.274	3.999
139543	FHA_01_001464_5	24	77.2	121	-0.362	0.362	4.4
141936	FHA_01_000119_1	1	111.2	317	-0.649	0.649	14.065
141936	FHA_01_000119_1	2	39.2	251	-0.844	0.844	17.583
141936	FHA_01_000119_1	3	48.8	228	-0.786	0.786	15.232
141936	FHA_01_000119_1	4	79.2	264	-0.7	0.7	14.107
141936	FHA_01_000119_1	5	272	396	-0.313	0.313	6.785
141936	FHA_01_000119_1	6	928.4	775	0.198	0.165	5.256
141936	FHA_01_000119_1	7	1768	1617	0.093	0.085	3.67
141936	FHA_01_000119_1	8	2262.4	2429	-0.069	0.069	3.44
141936	FHA_01_000119_1	9	2290.8	2229	0.028	0.027	1.3
141936	FHA_01_000119_1	10	2002	2128	-0.059	0.059	2.773
141936	FHA_01_000119_1	11	1642.8	2177	-0.245	0.245	12.224
141936	FHA_01_000119_1	12	1666	2277	-0.268	0.268	13.761
141936	FHA_01_000119_1	13	1696.4	2512	-0.325	0.325	17.78
141936	FHA_01_000119_1	14	1883.2	2632	-0.284	0.284	15.759
141936	FHA_01_000119_1	15	2321.6	2937	-0.21	0.21	12.002
141936	FHA_01_000119_1	16	2731.2	3469	-0.213	0.213	13.251
141936	FHA_01_000119_1	17	3206	3852	-0.168	0.168	10.874
141936	FHA_01_000119_1	18	2992.8	3762	-0.204	0.204	13.236
141936	FHA_01_000119_1	19	2633.2	2467	0.067	0.063	3.291
141936	FHA_01_000119_1	20	2208.8	1774	0.245	0.197	9.743
141936	FHA_01_000119_1	21	1742	1402	0.243	0.195	8.575
141936	FHA_01_000119_1	22	1374.4	1126	0.221	0.181	7.025
141936	FHA_01_000119_1	23	1078.4	797	0.353	0.261	9.19
141936	FHA_01_000119_1	24	700	556	0.259	0.206	5.746
14240	FHA_01_000114_1	1	13.2	269	-0.951	0.951	21.535
14240	FHA_01_000114_1	2	0.8	213	-0.996	0.996	20.524
14240	FHA_01_000114_1	3	9.6	202	-0.952	0.952	18.705
14240	FHA_01_000114_1	4	48.4	246	-0.803	0.803	16.287
14240	FHA_01_000114_1	5	180.8	374	-0.517	0.517	11.6
14240	FHA_01_000114_1	6	668	825	-0.19	0.19	5.746
14240	FHA_01_000114_1	7	1155.6	1395	-0.172	0.172	6.704
14240	FHA_01_000114_1	8	1616.4	1916	-0.156	0.156	7.129
14240	FHA_01_000114_1	9	1392.8	1607	-0.133	0.133	5.531
14240	FHA_01_000114_1	10	1152	1478	-0.221	0.221	8.99
14240	FHA_01_000114_1	11	854.4	1529	-0.441	0.441	19.542
14240	FHA_01_000114_1	12	754.4	1584	-0.524	0.524	24.262
14240	FHA_01_000114_1	13	824.4	1693	-0.513	0.513	24.483
14240	FHA_01_000114_1	14	832.4	1684	-0.506	0.506	24.008
14240	FHA_01_000114_1	15	903.2	1844	-0.51	0.51	25.384
14240	FHA_01_000114_1	16	1068.8	2125	-0.497	0.497	26.431
14240	FHA_01_000114_1	17	1108.8	2367	-0.532	0.532	30.181
14240	FHA_01_000114_1	18	1018.8	2492	-0.591	0.591	35.162
14240	FHA_01_000114_1	19	926.4	1683	-0.45	0.45	20.946
14240	FHA_01_000114_1	20	736	1100	-0.331	0.331	12.014
14240	FHA_01_000114_1	21	540.8	808	-0.331	0.331	10.289
14240	FHA_01_000114_1	22	335.6	619	-0.458	0.458	12.972
14240	FHA_01_000114_1	23	224.4	486	-0.538	0.538	13.88
14240	FHA_01_000114_1	24	98.8	377	-0.738	0.738	18.037
14256	FHA_01_000115_1	1	25.2	255	-0.901	0.901	19.415
14256	FHA_01_000115_1	2	7.6	214	-0.964	0.964	19.608
14256	FHA_01_000115_1	3	20.4	211	-0.903	0.903	17.72
14256	FHA_01_000115_1	4	50	266	-0.812	0.812	17.184
14256	FHA_01_000115_1	5	199.6	444	-0.55	0.55	13.624
14256	FHA_01_000115_1	6	597.6	943	-0.366	0.366	12.445
14256	FHA_01_000115_1	7	1242.4	1715	-0.276	0.276	12.29
14256	FHA_01_000115_1	8	1806	2302	-0.215	0.215	10.944
14256	FHA_01_000115_1	9	1529.2	1890	-0.191	0.191	8.726
14256	FHA_01_000115_1	10	1055.6	1669	-0.368	0.368	16.619
14256	FHA_01_000115_1	11	860.4	1691	-0.491	0.491	23.255
14256	FHA_01_000115_1	12	728.4	1720	-0.577	0.577	28.341
14256	FHA_01_000115_1	13	634	1830	-0.654	0.654	34.074
14256	FHA_01_000115_1	14	721.6	1821	-0.604	0.604	30.834
14256	FHA_01_000115_1	15	1003.2	1958	-0.488	0.488	24.814
14256	FHA_01_000115_1	16	1261.2	2234	-0.435	0.435	23.27
14256	FHA_01_000115_1	17	1154.4	2478	-0.534	0.534	31.058
14256	FHA_01_000115_1	18	1107.2	2517	-0.56	0.56	33.118
14256	FHA_01_000115_1	19	977.6	1753	-0.442	0.442	20.985
14256	FHA_01_000115_1	20	729.2	1135	-0.358	0.358	13.292
14256	FHA_01_000115_1	21	539.2	851	-0.366	0.366	11.826
14256	FHA_01_000115_1	22	370.8	636	-0.417	0.417	11.82
14256	FHA_01_000115_1	23	247.6	471	-0.474	0.474	11.786
14256	FHA_01_000115_1	24	143.6	361	-0.602	0.602	13.687
154144	FHA_01_001461_5	1	0	52	-1	1	10.198
154144	FHA_01_001461_5	2	8.8	34	-0.741	0.741	5.447
154144	FHA_01_001461_5	3	3.6	21	-0.829	0.829	4.961
154144	FHA_01_001461_5	4	27.6	34	-0.188	0.188	1.153
154144	FHA_01_001461_5	5	79.6	64	0.244	0.196	1.841
154144	FHA_01_001461_5	6	229.6	128	0.794	0.443	7.598
154144	FHA_01_001461_5	7	460	305	0.508	0.337	7.925
154144	FHA_01_001461_5	8	542.4	565	-0.04	0.04	0.96
154144	FHA_01_001461_5	9	491.6	701	-0.299	0.299	8.575
154144	FHA_01_001461_5	10	492	742	-0.337	0.337	10.065
154144	FHA_01_001461_5	11	484.8	913	-0.469	0.469	16.197
154144	FHA_01_001461_5	12	422.8	1031	-0.59	0.59	22.558
154144	FHA_01_001461_5	13	324.8	1069	-0.696	0.696	28.191
154144	FHA_01_001461_5	14	381.2	1045	-0.635	0.635	24.858
154144	FHA_01_001461_5	15	476	1078	-0.558	0.558	21.597
154144	FHA_01_001461_5	16	464	1159	-0.6	0.6	24.397
154144	FHA_01_001461_5	17	491.6	1264	-0.611	0.611	26.07
154144	FHA_01_001461_5	18	430	1260	-0.659	0.659	28.553
154144	FHA_01_001461_5	19	352.8	909	-0.612	0.612	22.144
154144	FHA_01_001461_5	20	248.8	650	-0.617	0.617	18.925
154144	FHA_01_001461_5	21	193.2	430	-0.551	0.551	13.415
154144	FHA_01_001461_5	22	133.2	308	-0.568	0.568	11.769
154144	FHA_01_001461_5	23	98.8	205	-0.518	0.518	8.617
154144	FHA_01_001461_5	24	62.4	118	-0.471	0.471	5.854
155974	FHA_01_000119_5	1	27.6	303	-0.909	0.909	21.42
155974	FHA_01_000119_5	2	17.2	235	-0.927	0.927	19.395
155974	FHA_01_000119_5	3	22.8	205	-0.889	0.889	17.072
155974	FHA_01_000119_5	4	126.8	287	-0.558	0.558	11.137
155974	FHA_01_000119_5	5	722.4	568	0.272	0.214	6.079
155974	FHA_01_000119_5	6	1867.2	1318	0.417	0.294	13.762
155974	FHA_01_000119_5	7	3000.4	2852	0.052	0.049	2.743
155974	FHA_01_000119_5	8	3198.8	4025	-0.205	0.205	13.747
155974	FHA_01_000119_5	9	2948.8	3304	-0.108	0.108	6.353
155974	FHA_01_000119_5	10	2462.4	2535	-0.029	0.029	1.452
155974	FHA_01_000119_5	11	2128.8	2384	-0.107	0.107	5.372
155974	FHA_01_000119_5	12	1838.4	2281	-0.194	0.194	9.752
155974	FHA_01_000119_5	13	1774	2382	-0.255	0.255	13.338
155974	FHA_01_000119_5	14	1786	2350	-0.24	0.24	12.402
155974	FHA_01_000119_5	15	1879.2	2443	-0.231	0.231	12.128
155974	FHA_01_000119_5	16	1924.4	2580	-0.254	0.254	13.815
155974	FHA_01_000119_5	17	1910.4	2886	-0.338	0.338	19.922
155974	FHA_01_000119_5	18	1762.8	2687	-0.344	0.344	19.593
155974	FHA_01_000119_5	19	1568.4	1889	-0.17	0.17	7.711
155974	FHA_01_000119_5	20	1297.2	1420	-0.086	0.086	3.332
155974	FHA_01_000119_5	21	1136	1098	0.035	0.033	1.137
155974	FHA_01_000119_5	22	901.6	878	0.027	0.026	0.791
155974	FHA_01_000119_5	23	614	655	-0.063	0.063	1.628
155974	FHA_01_000119_5	24	427.2	462	-0.075	0.075	1.65
158102	FHA_01_001381_1+FHA_01_021381_5	1	8	110	-0.927	0.927	13.279
158102	FHA_01_001381_1+FHA_01_021381_5	2	2.8	76	-0.963	0.963	11.662
158102	FHA_01_001381_1+FHA_01_021381_5	3	12	74	-0.838	0.838	9.455
158102	FHA_01_001381_1+FHA_01_021381_5	4	28.8	112	-0.743	0.743	9.916
158102	FHA_01_001381_1+FHA_01_021381_5	5	163.2	236	-0.308	0.308	5.153
158102	FHA_01_001381_1+FHA_01_021381_5	6	467.2	630	-0.258	0.258	6.951
158102	FHA_01_001381_1+FHA_01_021381_5	7	867.6	1239	-0.3	0.3	11.444
158102	FHA_01_001381_1+FHA_01_021381_5	8	1208.8	1686	-0.283	0.283	12.543
158102	FHA_01_001381_1+FHA_01_021381_5	9	1231.2	1456	-0.154	0.154	6.133
158102	FHA_01_001381_1+FHA_01_021381_5	10	1034.8	1339	-0.227	0.227	8.83
158102	FHA_01_001381_1+FHA_01_021381_5	11	935.6	1325	-0.294	0.294	11.582
158102	FHA_01_001381_1+FHA_01_021381_5	12	795.6	1348	-0.41	0.41	16.873
158102	FHA_01_001381_1+FHA_01_021381_5	13	696	1365	-0.49	0.49	20.84
158102	FHA_01_001381_1+FHA_01_021381_5	14	641.6	1318	-0.513	0.513	21.609
158102	FHA_01_001381_1+FHA_01_021381_5	15	674.4	1398	-0.518	0.518	22.479
158102	FHA_01_001381_1+FHA_01_021381_5	16	744.8	1572	-0.526	0.526	24.304
158102	FHA_01_001381_1+FHA_01_021381_5	17	754.8	1764	-0.572	0.572	28.438
158102	FHA_01_001381_1+FHA_01_021381_5	18	786.4	1698	-0.537	0.537	25.865
158102	FHA_01_001381_1+FHA_01_021381_5	19	668.4	1105	-0.395	0.395	14.662
158102	FHA_01_001381_1+FHA_01_021381_5	20	547.2	756	-0.276	0.276	8.18
158102	FHA_01_001381_1+FHA_01_021381_5	21	359.2	582	-0.383	0.383	10.27
158102	FHA_01_001381_1+FHA_01_021381_5	22	290.8	440	-0.339	0.339	7.805
158102	FHA_01_001381_1+FHA_01_021381_5	23	246.4	318	-0.225	0.225	4.262
158102	FHA_01_001381_1+FHA_01_021381_5	24	156	206	-0.243	0.243	3.716
159046	FHA_01_000117_5	1	50.4	322	-0.843	0.843	19.904
159046	FHA_01_000117_5	2	24.4	244	-0.9	0.9	18.956
159046	FHA_01_000117_5	3	39.6	211	-0.812	0.812	15.312
159046	FHA_01_000117_5	4	121.6	287	-0.576	0.576	11.572
159046	FHA_01_000117_5	5	691.6	561	0.233	0.189	5.219
159046	FHA_01_000117_5	6	1891.2	1267	0.493	0.33	15.708
159046	FHA_01_000117_5	7	3208.8	2690	0.193	0.162	9.553
159046	FHA_01_000117_5	8	3557.6	3996	-0.11	0.11	7.134
159046	FHA_01_000117_5	9	3103.2	3509	-0.116	0.116	7.058
159046	FHA_01_000117_5	10	2580.8	2755	-0.063	0.063	3.373
159046	FHA_01_000117_5	11	2349.6	2627	-0.106	0.106	5.561
159046	FHA_01_000117_5	12	2114	2622	-0.194	0.194	10.439
159046	FHA_01_000117_5	13	2084.8	2656	-0.215	0.215	11.732
159046	FHA_01_000117_5	14	2175.6	2632	-0.173	0.173	9.309
159046	FHA_01_000117_5	15	2378.8	2706	-0.121	0.121	6.489
159046	FHA_01_000117_5	16	2455.2	2895	-0.152	0.152	8.503
159046	FHA_01_000117_5	17	2277.2	3309	-0.312	0.312	19.523
159046	FHA_01_000117_5	18	2183.2	3075	-0.29	0.29	17.393
159046	FHA_01_000117_5	19	1941.2	2163	-0.103	0.103	4.896
159046	FHA_01_000117_5	20	1653.6	1602	0.032	0.031	1.279
159046	FHA_01_000117_5	21	1373.2	1243	0.105	0.095	3.6
159046	FHA_01_000117_5	22	1147.2	1003	0.144	0.126	4.398
159046	FHA_01_000117_5	23	780	713	0.094	0.086	2.452
159046	FHA_01_000117_5	24	533.6	501	0.065	0.061	1.433
16819	FHA_01_000701_7	1	16	98	-0.837	0.837	10.861
16819	FHA_01_000701_7	2	4	65	-0.938	0.938	10.385
16819	FHA_01_000701_7	3	24.4	49	-0.502	0.502	4.061
16819	FHA_01_000701_7	4	49.6	96	-0.483	0.483	5.438
16819	FHA_01_000701_7	5	451.2	236	0.912	0.477	11.61
16819	FHA_01_000701_7	6	1547.6	628	1.464	0.594	27.882
16819	FHA_01_000701_7	7	2578.4	1127	1.288	0.563	33.72
16819	FHA_01_000701_7	8	2355.6	1052	1.239	0.553	31.582
16819	FHA_01_000701_7	9	2078.8	1037	1.005	0.501	26.395
16819	FHA_01_000701_7	10	1512	977	0.548	0.354	15.165
16819	FHA_01_000701_7	11	1172	971	0.207	0.172	6.14
16819	FHA_01_000701_7	12	1014.4	979	0.036	0.035	1.121
16819	FHA_01_000701_7	13	971.6	970	0.002	0.002	0.051
16819	FHA_01_000701_7	14	966.8	1036	-0.067	0.067	2.187
16819	FHA_01_000701_7	15	917.2	1022	-0.103	0.103	3.366
16819	FHA_01_000701_7	16	1027.6	1124	-0.086	0.086	2.939
16819	FHA_01_000701_7	17	1043.6	1197	-0.128	0.128	4.583
16819	FHA_01_000701_7	18	800.4	1214	-0.341	0.341	13.032
16819	FHA_01_000701_7	19	748.8	783	-0.044	0.044	1.236
16819	FHA_01_000701_7	20	514.4	621	-0.172	0.172	4.474
16819	FHA_01_000701_7	21	414.8	439	-0.055	0.055	1.171
16819	FHA_01_000701_7	22	304.4	325	-0.063	0.063	1.161
16819	FHA_01_000701_7	23	208.8	254	-0.178	0.178	2.971
16819	FHA_01_000701_7	24	159.2	170	-0.064	0.064	0.842
175052	FHA_01_000129_5	1	22.4	158	-0.858	0.858	14.278
175052	FHA_01_000129_5	2	15.2	108	-0.859	0.859	11.824
175052	FHA_01_000129_5	3	30.8	104	-0.704	0.704	8.916
175052	FHA_01_000129_5	4	165.6	180	-0.08	0.08	1.095
175052	FHA_01_000129_5	5	789.2	436	0.81	0.448	14.27
175052	FHA_01_000129_5	6	1868.8	941	0.986	0.496	24.753
175052	FHA_01_000129_5	7	2620.4	1994	0.314	0.239	13.041
175052	FHA_01_000129_5	8	2735.6	2504	0.092	0.085	4.525
175052	FHA_01_000129_5	9	2611.2	2063	0.266	0.21	11.34
175052	FHA_01_000129_5	10	2452.4	1731	0.417	0.294	15.773
175052	FHA_01_000129_5	11	2152	1652	0.303	0.232	11.465
175052	FHA_01_000129_5	12	1819.2	1632	0.115	0.103	4.506
175052	FHA_01_000129_5	13	1733.6	1672	0.037	0.036	1.493
175052	FHA_01_000129_5	14	1824.4	1672	0.091	0.084	3.645
175052	FHA_01_000129_5	15	1963.2	1743	0.126	0.112	5.115
175052	FHA_01_000129_5	16	1924.4	1781	0.081	0.075	3.332
175052	FHA_01_000129_5	17	2035.2	1934	0.052	0.05	2.272
175052	FHA_01_000129_5	18	1872	1867	0.003	0.003	0.116
175052	FHA_01_000129_5	19	1664.4	1395	0.193	0.162	6.888
175052	FHA_01_000129_5	20	1374.4	1039	0.323	0.244	9.655
175052	FHA_01_000129_5	21	1144.8	794	0.442	0.306	11.267
175052	FHA_01_000129_5	22	850	599	0.419	0.295	9.325
175052	FHA_01_000129_5	23	579.2	406	0.427	0.299	7.804
175052	FHA_01_000129_5	24	370.8	261	0.421	0.296	6.178
175310	FHA_01_000426_5	1	0	9	-1	1	4.243
175310	FHA_01_000426_5	2	0	6	-1	1	3.464
175310	FHA_01_000426_5	3	0	3	-1	1	2.449
175310	FHA_01_000426_5	4	0	4	-1	1	2.828
175310	FHA_01_000426_5	5	6.8	9	-0.244	0.244	0.783
175310	FHA_01_000426_5	6	4.8	13	-0.631	0.631	2.749
175310	FHA_01_000426_5	7	7.6	26	-0.708	0.708	4.489
175310	FHA_01_000426_5	8	12.8	41	-0.688	0.688	5.437
175310	FHA_01_000426_5	9	4.4	34	-0.871	0.871	6.755
175310	FHA_01_000426_5	10	10.4	39	-0.733	0.733	5.755
175310	FHA_01_000426_5	11	8.4	34	-0.753	0.753	5.56
175310	FHA_01_000426_5	12	11.6	40	-0.71	0.71	5.591
175310	FHA_01_000426_5	13	2.8	41	-0.932	0.932	8.163
175310	FHA_01_000426_5	14	16	42	-0.619	0.619	4.828
175310	FHA_01_000426_5	15	3.6	49	-0.927	0.927	8.853
175310	FHA_01_000426_5	16	5.6	57	-0.902	0.902	9.187
175310	FHA_01_000426_5	17	13.6	69	-0.803	0.803	8.621
175310	FHA_01_000426_5	18	14.8	72	-0.794	0.794	8.683
175310	FHA_01_000426_5	19	6	49	-0.878	0.878	8.2
175310	FHA_01_000426_5	20	16.8	41	-0.59	0.59	4.502
175310	FHA_01_000426_5	21	3.2	34	-0.906	0.906	7.142
175310	FHA_01_000426_5	22	3.6	27	-0.867	0.867	5.982
175310	FHA_01_000426_5	23	0.8	18	-0.956	0.956	5.61
175310	FHA_01_000426_5	24	0.4	15	-0.973	0.973	5.261
175311	FHA_01_000426_1	1	0	12	-1	1	4.899
175311	FHA_01_000426_1	2	0	8	-1	1	4
175311	FHA_01_000426_1	3	0	5	-1	1	3.162
175311	FHA_01_000426_1	4	0	5	-1	1	3.162
175311	FHA_01_000426_1	5	0	11	-1	1	4.69
175311	FHA_01_000426_1	6	1.6	15	-0.893	0.893	4.651
175311	FHA_01_000426_1	7	1.2	29	-0.959	0.959	7.154
175311	FHA_01_000426_1	8	0	39	-1	1	8.832
175311	FHA_01_000426_1	9	3.2	36	-0.911	0.911	7.409
175311	FHA_01_000426_1	10	11.2	42	-0.733	0.733	5.972
175311	FHA_01_000426_1	11	8	42	-0.81	0.81	6.8
175311	FHA_01_000426_1	12	5.6	49	-0.886	0.886	8.306
175311	FHA_01_000426_1	13	1.2	51	-0.976	0.976	9.748
175311	FHA_01_000426_1	14	3.6	54	-0.933	0.933	9.391
175311	FHA_01_000426_1	15	3.6	62	-0.942	0.942	10.197
175311	FHA_01_000426_1	16	12.4	75	-0.835	0.835	9.47
175311	FHA_01_000426_1	17	14	85	-0.835	0.835	10.092
175311	FHA_01_000426_1	18	6.4	94	-0.932	0.932	12.364
175311	FHA_01_000426_1	19	5.6	67	-0.916	0.916	10.191
175311	FHA_01_000426_1	20	6.8	56	-0.879	0.879	8.78
175311	FHA_01_000426_1	21	1.6	51	-0.969	0.969	9.633
175311	FHA_01_000426_1	22	0.4	38	-0.989	0.989	8.581
175311	FHA_01_000426_1	23	0	27	-1	1	7.348
175311	FHA_01_000426_1	24	0	23	-1	1	6.782
176307	FHA_01_000123_5	1	40.4	197	-0.795	0.795	14.374
176307	FHA_01_000123_5	2	15.6	162	-0.904	0.904	15.536
176307	FHA_01_000123_5	3	31.6	126	-0.749	0.749	10.634
176307	FHA_01_000123_5	4	165.2	132	0.252	0.201	2.724
176307	FHA_01_000123_5	5	856.8	207	3.139	0.758	28.175
176307	FHA_01_000123_5	6	2020.4	503	3.017	0.751	42.719
176307	FHA_01_000123_5	7	3218.8	1104	1.916	0.657	45.489
176307	FHA_01_000123_5	8	3400.4	1765	0.927	0.481	32.18
176307	FHA_01_000123_5	9	3194.8	1677	0.905	0.475	30.753
176307	FHA_01_000123_5	10	2753.2	1567	0.757	0.431	25.522
176307	FHA_01_000123_5	11	2410	1599	0.507	0.337	18.114
176307	FHA_01_000123_5	12	2045.2	1728	0.184	0.155	7.303
176307	FHA_01_000123_5	13	1968.4	1904	0.034	0.033	1.464
176307	FHA_01_000123_5	14	1912.4	1980	-0.034	0.034	1.532
176307	FHA_01_000123_5	15	1995.6	2245	-0.111	0.111	5.416
176307	FHA_01_000123_5	16	2044.4	2693	-0.241	0.241	13.327
176307	FHA_01_000123_5	17	1966.8	3000	-0.344	0.344	20.733
176307	FHA_01_000123_5	18	1808.4	2909	-0.378	0.378	22.662
176307	FHA_01_000123_5	19	1598.8	1947	-0.179	0.179	8.27
176307	FHA_01_000123_5	20	1317.2	1342	-0.018	0.018	0.68
176307	FHA_01_000123_5	21	1127.2	1051	0.073	0.068	2.309
176307	FHA_01_000123_5	22	919.2	832	0.105	0.095	2.947
176307	FHA_01_000123_5	23	611.2	584	0.047	0.045	1.113
176307	FHA_01_000123_5	24	418	387	0.08	0.074	1.545
176314	FHA_01_000116_1	1	37.2	265	-0.86	0.86	18.532
176314	FHA_01_000116_1	2	5.2	219	-0.976	0.976	20.193
176314	FHA_01_000116_1	3	24.4	222	-0.89	0.89	17.803
176314	FHA_01_000116_1	4	117.6	285	-0.587	0.587	11.799
176314	FHA_01_000116_1	5	415.2	484	-0.142	0.142	3.245
176314	FHA_01_000116_1	6	1169.2	1061	0.102	0.093	3.24
176314	FHA_01_000116_1	7	2244.4	2145	0.046	0.044	2.122
176314	FHA_01_000116_1	8	2910	3042	-0.043	0.043	2.42
176314	FHA_01_000116_1	9	2367.2	2507	-0.056	0.056	2.832
176314	FHA_01_000116_1	10	1541.6	2073	-0.256	0.256	12.5
176314	FHA_01_000116_1	11	1371.2	1989	-0.311	0.311	15.072
176314	FHA_01_000116_1	12	1049.6	2016	-0.479	0.479	24.684
176314	FHA_01_000116_1	13	1050.4	2117	-0.504	0.504	26.802
176314	FHA_01_000116_1	14	998.8	2082	-0.52	0.52	27.599
176314	FHA_01_000116_1	15	1349.2	2159	-0.375	0.375	19.335
176314	FHA_01_000116_1	16	1575.2	2461	-0.36	0.36	19.718
176314	FHA_01_000116_1	17	1417.6	2686	-0.472	0.472	28.002
176314	FHA_01_000116_1	18	1404.4	2666	-0.473	0.473	27.965
176314	FHA_01_000116_1	19	1210	1914	-0.368	0.368	17.813
176314	FHA_01_000116_1	20	986	1248	-0.21	0.21	7.839
176314	FHA_01_000116_1	21	623.6	909	-0.314	0.314	10.31
176314	FHA_01_000116_1	22	487.2	678	-0.281	0.281	7.905
176314	FHA_01_000116_1	23	363.2	503	-0.278	0.278	6.718
176314	FHA_01_000116_1	24	206	371	-0.445	0.445	9.714
18294	FHA_01_000116_5	1	17.2	303	-0.943	0.943	22.587
18294	FHA_01_000116_5	2	22.4	213	-0.895	0.895	17.568
18294	FHA_01_000116_5	3	12.4	184	-0.933	0.933	17.317
18294	FHA_01_000116_5	4	53.2	227	-0.766	0.766	14.684
18294	FHA_01_000116_5	5	229.6	454	-0.494	0.494	12.138
18294	FHA_01_000116_5	6	686.4	1055	-0.349	0.349	12.492
18294	FHA_01_000116_5	7	1268.4	1500	-0.154	0.154	6.225
18294	FHA_01_000116_5	8	1698.4	2038	-0.167	0.167	7.857
18294	FHA_01_000116_5	9	1563.2	1678	-0.068	0.068	2.852
18294	FHA_01_000116_5	10	1543.2	1584	-0.026	0.026	1.032
18294	FHA_01_000116_5	11	1241.2	1643	-0.245	0.245	10.581
18294	FHA_01_000116_5	12	1221.2	1751	-0.303	0.303	13.743
18294	FHA_01_000116_5	13	1304.8	1939	-0.327	0.327	15.748
18294	FHA_01_000116_5	14	1587.2	2063	-0.231	0.231	11.137
18294	FHA_01_000116_5	15	1673.6	2197	-0.238	0.238	11.898
18294	FHA_01_000116_5	16	2102	2470	-0.149	0.149	7.697
18294	FHA_01_000116_5	17	2172.4	2855	-0.239	0.239	13.615
18294	FHA_01_000116_5	18	2036	2985	-0.318	0.318	18.94
18294	FHA_01_000116_5	19	1702	2033	-0.163	0.163	7.659
18294	FHA_01_000116_5	20	1330.8	1621	-0.179	0.179	7.554
18294	FHA_01_000116_5	21	1008.4	1316	-0.234	0.234	9.023
18294	FHA_01_000116_5	22	664.8	1058	-0.372	0.372	13.397
18294	FHA_01_000116_5	23	556	733	-0.241	0.241	6.972
18294	FHA_01_000116_5	24	308.4	503	-0.387	0.387	9.661
185074	FHA_01_001463_1	1	48.4	65	-0.255	0.255	2.205
185074	FHA_01_001463_1	2	12	39	-0.692	0.692	5.347
185074	FHA_01_001463_1	3	27.2	36	-0.244	0.244	1.565
185074	FHA_01_001463_1	4	94.4	36	1.622	0.619	7.233
185074	FHA_01_001463_1	5	338.4	64	4.287	0.811	19.345
185074	FHA_01_001463_1	6	1060.8	145	6.316	0.863	37.297
185074	FHA_01_001463_1	7	2539.6	342	6.426	0.865	57.896
185074	FHA_01_001463_1	8	3418.4	443	6.716	0.87	67.715
185074	FHA_01_001463_1	9	3126	437	6.153	0.86	63.709
185074	FHA_01_001463_1	10	2229.6	424	4.258	0.81	49.57
185074	FHA_01_001463_1	11	1836	470	2.906	0.744	40.229
185074	FHA_01_001463_1	12	1596.8	569	1.806	0.644	31.233
185074	FHA_01_001463_1	13	1560.8	671	1.326	0.57	26.637
185074	FHA_01_001463_1	14	1678.4	708	1.371	0.578	28.093
185074	FHA_01_001463_1	15	2186.4	714	2.062	0.673	38.664
185074	FHA_01_001463_1	16	2535.6	794	2.193	0.687	42.684
185074	FHA_01_001463_1	17	2540.8	898	1.829	0.647	39.618
185074	FHA_01_001463_1	18	2511.6	833	2.015	0.668	41.048
185074	FHA_01_001463_1	19	2120	621	2.414	0.707	40.491
185074	FHA_01_001463_1	20	1764	499	2.535	0.717	37.607
185074	FHA_01_001463_1	21	1177.2	373	2.156	0.683	28.886
185074	FHA_01_001463_1	22	867.2	287	2.022	0.669	24.152
185074	FHA_01_001463_1	23	594.8	185	2.215	0.689	20.754
185074	FHA_01_001463_1	24	302	120	1.517	0.603	12.529
19033	FHA_01_000146_5+FHA_01_031461_5	1	0	184	-1	1	19.183
19033	FHA_01_000146_5+FHA_01_031461_5	2	8.8	129	-0.932	0.932	14.481
19033	FHA_01_000146_5+FHA_01_031461_5	3	3.6	108	-0.967	0.967	13.976
19033	FHA_01_000146_5+FHA_01_031461_5	4	27.6	136	-0.797	0.797	11.985
19033	FHA_01_000146_5+FHA_01_031461_5	5	86.8	271	-0.68	0.68	13.772
19033	FHA_01_000146_5+FHA_01_031461_5	6	232	588	-0.605	0.605	17.582
19033	FHA_01_000146_5+FHA_01_031461_5	7	460.4	970	-0.525	0.525	19.055
19033	FHA_01_000146_5+FHA_01_031461_5	8	560	1417	-0.605	0.605	27.258
19033	FHA_01_000146_5+FHA_01_031461_5	9	502.8	1322	-0.62	0.62	27.12
19033	FHA_01_000146_5+FHA_01_031461_5	10	512.8	1264	-0.594	0.594	25.203
19033	FHA_01_000146_5+FHA_01_031461_5	11	494	1352	-0.635	0.635	28.241
19033	FHA_01_000146_5+FHA_01_031461_5	12	403.6	1451	-0.722	0.722	34.396
19033	FHA_01_000146_5+FHA_01_031461_5	13	333.2	1510	-0.779	0.779	38.764
19033	FHA_01_000146_5+FHA_01_031461_5	14	387.2	1512	-0.744	0.744	36.501
19033	FHA_01_000146_5+FHA_01_031461_5	15	471.2	1587	-0.703	0.703	34.782
19033	FHA_01_000146_5+FHA_01_031461_5	16	452	1775	-0.745	0.745	39.647
19033	FHA_01_000146_5+FHA_01_031461_5	17	490.8	1988	-0.753	0.753	42.528
19033	FHA_01_000146_5+FHA_01_031461_5	18	415.6	2021	-0.794	0.794	45.995
19033	FHA_01_000146_5+FHA_01_031461_5	19	339.2	1412	-0.76	0.76	36.255
19033	FHA_01_000146_5+FHA_01_031461_5	20	252	1102	-0.771	0.771	32.668
19033	FHA_01_000146_5+FHA_01_031461_5	21	182.8	888	-0.794	0.794	30.477
19033	FHA_01_000146_5+FHA_01_031461_5	22	138.8	698	-0.801	0.801	27.338
19033	FHA_01_000146_5+FHA_01_031461_5	23	94.8	482	-0.803	0.803	22.8
19033	FHA_01_000146_5+FHA_01_031461_5	24	60.4	319	-0.811	0.811	18.776
19034	FHA_01_021461_1	1	13.2	53	-0.751	0.751	6.918
19034	FHA_01_021461_1	2	10	27	-0.63	0.63	3.952
19034	FHA_01_021461_1	3	2	15	-0.867	0.867	4.459
19034	FHA_01_021461_1	4	17.2	25	-0.312	0.312	1.698
19034	FHA_01_021461_1	5	59.2	61	-0.03	0.03	0.232
19034	FHA_01_021461_1	6	190.8	139	0.373	0.271	4.034
19034	FHA_01_021461_1	7	586.8	420	0.397	0.284	7.434
19034	FHA_01_021461_1	8	1083.6	667	0.625	0.384	14.081
19034	FHA_01_021461_1	9	997.2	634	0.573	0.364	12.718
19034	FHA_01_021461_1	10	754	553	0.363	0.267	7.863
19034	FHA_01_021461_1	11	686	667	0.028	0.028	0.73
19034	FHA_01_021461_1	12	700.8	800	-0.124	0.124	3.621
19034	FHA_01_021461_1	13	644	903	-0.287	0.287	9.313
19034	FHA_01_021461_1	14	617.6	919	-0.328	0.328	10.874
19034	FHA_01_021461_1	15	764	899	-0.15	0.15	4.682
19034	FHA_01_021461_1	16	851.2	915	-0.07	0.07	2.147
19034	FHA_01_021461_1	17	782	941	-0.169	0.169	5.417
19034	FHA_01_021461_1	18	824	977	-0.157	0.157	5.099
19034	FHA_01_021461_1	19	757.6	808	-0.062	0.062	1.801
19034	FHA_01_021461_1	20	590.8	682	-0.134	0.134	3.615
19034	FHA_01_021461_1	21	364.8	495	-0.263	0.263	6.28
19034	FHA_01_021461_1	22	263.6	309	-0.147	0.147	2.683
19034	FHA_01_021461_1	23	166.8	210	-0.206	0.206	3.147
19034	FHA_01_021461_1	24	71.2	115	-0.381	0.381	4.539
19043	FHA_01_001465_5	1	0	48	-1	1	9.798
19043	FHA_01_001465_5	2	8.8	26	-0.662	0.662	4.123
19043	FHA_01_001465_5	3	3.6	21	-0.829	0.829	4.961
19043	FHA_01_001465_5	4	27.6	28	-0.014	0.014	0.076
19043	FHA_01_001465_5	5	86.8	72	0.206	0.171	1.661
19043	FHA_01_001465_5	6	232.4	198	0.174	0.148	2.345
19043	FHA_01_001465_5	7	460	302	0.523	0.343	8.095
19043	FHA_01_001465_5	8	560.8	485	0.156	0.135	3.315
19043	FHA_01_001465_5	9	504.8	414	0.219	0.18	4.236
19043	FHA_01_001465_5	10	512.4	416	0.232	0.188	4.474
19043	FHA_01_001465_5	11	494	445	0.11	0.099	2.261
19043	FHA_01_001465_5	12	402.8	525	-0.233	0.233	5.674
19043	FHA_01_001465_5	13	332.8	628	-0.47	0.47	13.468
19043	FHA_01_001465_5	14	387.6	657	-0.41	0.41	11.788
19043	FHA_01_001465_5	15	470.4	694	-0.322	0.322	9.267
19043	FHA_01_001465_5	16	452.8	790	-0.427	0.427	13.527
19043	FHA_01_001465_5	17	490	953	-0.486	0.486	17.237
19043	FHA_01_001465_5	18	416.4	1036	-0.598	0.598	22.992
19043	FHA_01_001465_5	19	339.6	692	-0.509	0.509	15.517
19043	FHA_01_001465_5	20	251.2	557	-0.549	0.549	15.212
19043	FHA_01_001465_5	21	182	424	-0.571	0.571	13.903
19043	FHA_01_001465_5	22	138.8	289	-0.52	0.52	10.27
19043	FHA_01_001465_5	23	94.8	172	-0.449	0.449	6.684
19043	FHA_01_001465_5	24	60.4	105	-0.425	0.425	4.904
193953	FHA_01_001461_1	1	13.2	53	-0.751	0.751	6.918
193953	FHA_01_001461_1	2	10	27	-0.63	0.63	3.952
193953	FHA_01_001461_1	3	2	15	-0.867	0.867	4.459
193953	FHA_01_001461_1	4	17.2	25	-0.312	0.312	1.698
193953	FHA_01_001461_1	5	59.2	61	-0.03	0.03	0.232
193953	FHA_01_001461_1	6	194.4	139	0.399	0.285	4.291
193953	FHA_01_001461_1	7	584	420	0.39	0.281	7.32
193953	FHA_01_001461_1	8	1088.4	667	0.632	0.387	14.224
193953	FHA_01_001461_1	9	996.4	634	0.572	0.364	12.693
193953	FHA_01_001461_1	10	750.4	553	0.357	0.263	7.733
193953	FHA_01_001461_1	11	687.2	667	0.03	0.029	0.776
193953	FHA_01_001461_1	12	698.8	800	-0.127	0.127	3.697
193953	FHA_01_001461_1	13	646.4	903	-0.284	0.284	9.219
193953	FHA_01_001461_1	14	616	919	-0.33	0.33	10.937
193953	FHA_01_001461_1	15	764	899	-0.15	0.15	4.682
193953	FHA_01_001461_1	16	852.4	915	-0.068	0.068	2.106
193953	FHA_01_001461_1	17	782.8	941	-0.168	0.168	5.389
193953	FHA_01_001461_1	18	822.4	977	-0.158	0.158	5.154
193953	FHA_01_001461_1	19	764.4	808	-0.054	0.054	1.555
193953	FHA_01_001461_1	20	582.8	682	-0.145	0.145	3.945
193953	FHA_01_001461_1	21	364.4	495	-0.264	0.264	6.3
193953	FHA_01_001461_1	22	263.6	309	-0.147	0.147	2.683
193953	FHA_01_001461_1	23	166.8	210	-0.206	0.206	3.147
193953	FHA_01_001461_1	24	71.2	115	-0.381	0.381	4.539
194566	FHA_01_000146_1+FHA_01_020146_1	1	32.4	178	-0.818	0.818	14.196
194566	FHA_01_000146_1+FHA_01_020146_1	2	2	136	-0.985	0.985	16.132
194566	FHA_01_000146_1+FHA_01_020146_1	3	25.2	129	-0.805	0.805	11.821
194566	FHA_01_000146_1+FHA_01_020146_1	4	75.6	174	-0.566	0.566	8.808
194566	FHA_01_000146_1+FHA_01_020146_1	5	274.8	310	-0.114	0.114	2.059
194566	FHA_01_000146_1+FHA_01_020146_1	6	866.8	688	0.26	0.206	6.413
194566	FHA_01_000146_1+FHA_01_020146_1	7	1834	1458	0.258	0.205	9.268
194566	FHA_01_000146_1+FHA_01_020146_1	8	1936.4	2282	-0.151	0.151	7.525
194566	FHA_01_000146_1+FHA_01_020146_1	9	1641.6	2042	-0.196	0.196	9.33
194566	FHA_01_000146_1+FHA_01_020146_1	10	1128.4	1683	-0.33	0.33	14.792
194566	FHA_01_000146_1+FHA_01_020146_1	11	939.6	1625	-0.422	0.422	19.14
194566	FHA_01_000146_1+FHA_01_020146_1	12	718.8	1617	-0.555	0.555	26.283
194566	FHA_01_000146_1+FHA_01_020146_1	13	741.2	1716	-0.568	0.568	27.811
194566	FHA_01_000146_1+FHA_01_020146_1	14	875.2	1677	-0.478	0.478	22.445
194566	FHA_01_000146_1+FHA_01_020146_1	15	1198	1711	-0.3	0.3	13.451
194566	FHA_01_000146_1+FHA_01_020146_1	16	1446.8	1865	-0.224	0.224	10.277
194566	FHA_01_000146_1+FHA_01_020146_1	17	1476.4	2014	-0.267	0.267	12.869
194566	FHA_01_000146_1+FHA_01_020146_1	18	1435.2	2020	-0.29	0.29	14.07
194566	FHA_01_000146_1+FHA_01_020146_1	19	1123.6	1498	-0.25	0.25	10.341
194566	FHA_01_000146_1+FHA_01_020146_1	20	972.8	1026	-0.052	0.052	1.683
194566	FHA_01_000146_1+FHA_01_020146_1	21	663.6	764	-0.131	0.131	3.758
194566	FHA_01_000146_1+FHA_01_020146_1	22	513.2	596	-0.139	0.139	3.516
194566	FHA_01_000146_1+FHA_01_020146_1	23	368.4	404	-0.088	0.088	1.812
194566	FHA_01_000146_1+FHA_01_020146_1	24	209.2	276	-0.242	0.242	4.289
198390	FHA_01_021401_3	1	10.4	63	-0.835	0.835	8.683
198390	FHA_01_021401_3	2	0	37	-1	1	8.602
198390	FHA_01_021401_3	3	11.2	27	-0.585	0.585	3.615
198390	FHA_01_021401_3	4	35.2	38	-0.074	0.074	0.463
198390	FHA_01_021401_3	5	194.4	87	1.234	0.552	9.054
198390	FHA_01_021401_3	6	502.8	212	1.372	0.578	15.382
198390	FHA_01_021401_3	7	1102.8	467	1.361	0.577	22.694
198390	FHA_01_021401_3	8	1416.8	783	0.809	0.447	19.111
198390	FHA_01_021401_3	9	1232	669	0.842	0.457	18.261
198390	FHA_01_021401_3	10	1138	589	0.932	0.482	18.683
198390	FHA_01_021401_3	11	1100	554	0.986	0.496	18.986
198390	FHA_01_021401_3	12	875.6	599	0.462	0.316	10.187
198390	FHA_01_021401_3	13	690.4	683	0.011	0.011	0.282
198390	FHA_01_021401_3	14	692	668	0.036	0.035	0.92
198390	FHA_01_021401_3	15	754	661	0.141	0.123	3.496
198390	FHA_01_021401_3	16	788.4	686	0.149	0.13	3.771
198390	FHA_01_021401_3	17	658.8	701	-0.06	0.06	1.618
198390	FHA_01_021401_3	18	666	695	-0.042	0.042	1.112
198390	FHA_01_021401_3	19	581.2	588	-0.012	0.012	0.281
198390	FHA_01_021401_3	20	404.8	459	-0.118	0.118	2.608
198390	FHA_01_021401_3	21	239.6	395	-0.393	0.393	8.724
198390	FHA_01_021401_3	22	224.4	301	-0.254	0.254	4.726
198390	FHA_01_021401_3	23	172	201	-0.144	0.144	2.124
198390	FHA_01_021401_3	24	103.6	134	-0.227	0.227	2.789
202744	FHA_01_000717_1	1	133.6	375	-0.644	0.644	15.138
202744	FHA_01_000717_1	2	58.8	279	-0.789	0.789	16.943
202744	FHA_01_000717_1	3	41.2	264	-0.844	0.844	18.036
202744	FHA_01_000717_1	4	166.8	316	-0.472	0.472	9.603
202744	FHA_01_000717_1	5	659.6	517	0.276	0.216	5.879
202744	FHA_01_000717_1	6	1724	1242	0.388	0.28	12.516
202744	FHA_01_000717_1	7	2900	2889	0.004	0.004	0.204
202744	FHA_01_000717_1	8	3972	4543	-0.126	0.126	8.751
202744	FHA_01_000717_1	9	3756	4128	-0.09	0.09	5.925
202744	FHA_01_000717_1	10	3082	3323	-0.073	0.073	4.259
202744	FHA_01_000717_1	11	2703.6	3246	-0.167	0.167	9.945
202744	FHA_01_000717_1	12	2514.8	3374	-0.255	0.255	15.834
202744	FHA_01_000717_1	13	2414.4	3591	-0.328	0.328	21.472
202744	FHA_01_000717_1	14	2657.6	3607	-0.263	0.263	16.964
202744	FHA_01_000717_1	15	2966.8	3729	-0.204	0.204	13.173
202744	FHA_01_000717_1	16	3328	4086	-0.186	0.186	12.45
202744	FHA_01_000717_1	17	3540	4377	-0.191	0.191	13.303
202744	FHA_01_000717_1	18	3303.6	4184	-0.21	0.21	14.389
202744	FHA_01_000717_1	19	2954.4	3059	-0.034	0.034	1.908
202744	FHA_01_000717_1	20	2525.6	2200	0.148	0.129	6.698
202744	FHA_01_000717_1	21	1670	1760	-0.051	0.051	2.173
202744	FHA_01_000717_1	22	1207.6	1299	-0.07	0.07	2.582
202744	FHA_01_000717_1	23	985.6	910	0.083	0.077	2.456
202744	FHA_01_000717_1	24	592	603	-0.018	0.018	0.45
203597	FHA_01_021384_5	1	11.2	76	-0.853	0.853	9.814
203597	FHA_01_021384_5	2	19.2	57	-0.663	0.663	6.124
203597	FHA_01_021384_5	3	18	45	-0.6	0.6	4.811
203597	FHA_01_021384_5	4	48.4	67	-0.278	0.278	2.449
203597	FHA_01_021384_5	5	288	130	1.215	0.549	10.929
203597	FHA_01_021384_5	6	814	263	2.095	0.677	23.744
203597	FHA_01_021384_5	7	1366.8	569	1.402	0.584	25.644
203597	FHA_01_021384_5	8	1230.8	848	0.451	0.311	11.874
203597	FHA_01_021384_5	9	1232.4	740	0.665	0.4	15.68
203597	FHA_01_021384_5	10	1205.2	641	0.88	0.468	18.57
203597	FHA_01_021384_5	11	1109.2	677	0.638	0.39	14.462
203597	FHA_01_021384_5	12	1095.6	707	0.55	0.355	12.944
203597	FHA_01_021384_5	13	954	801	0.191	0.16	5.165
203597	FHA_01_021384_5	14	1033.2	820	0.26	0.206	7.004
203597	FHA_01_021384_5	15	1176.8	849	0.386	0.279	10.3
203597	FHA_01_021384_5	16	1217.6	953	0.278	0.217	8.032
203597	FHA_01_021384_5	17	1238.4	1059	0.169	0.145	5.293
203597	FHA_01_021384_5	18	1114.8	1071	0.041	0.039	1.325
203597	FHA_01_021384_5	19	936.4	796	0.176	0.15	4.77
203597	FHA_01_021384_5	20	652.8	575	0.135	0.119	3.14
203597	FHA_01_021384_5	21	551.6	425	0.298	0.23	5.729
203597	FHA_01_021384_5	22	379.6	296	0.282	0.22	4.549
203597	FHA_01_021384_5	23	288.8	193	0.496	0.332	6.172
203597	FHA_01_021384_5	24	152.8	126	0.213	0.175	2.27
203612	FHA_01_021382_1	1	58.8	51	0.153	0.133	1.053
203612	FHA_01_021382_1	2	29.2	29	0.007	0.007	0.037
203612	FHA_01_021382_1	3	32.8	23	0.426	0.299	1.855
203612	FHA_01_021382_1	4	71.2	31	1.297	0.565	5.624
203612	FHA_01_021382_1	5	258.4	61	3.236	0.764	15.62
203612	FHA_01_021382_1	6	710.4	154	3.613	0.783	26.764
203612	FHA_01_021382_1	7	1485.2	370	3.014	0.751	36.616
203612	FHA_01_021382_1	8	2514.4	587	3.283	0.767	48.945
203612	FHA_01_021382_1	9	2451.6	661	2.709	0.73	45.389
203612	FHA_01_021382_1	10	1857.2	563	2.299	0.697	37.204
203612	FHA_01_021382_1	11	1520.4	542	1.805	0.644	30.468
203612	FHA_01_021382_1	12	1249.6	595	1.1	0.524	21.555
203612	FHA_01_021382_1	13	1231.6	622	0.98	0.495	20.024
203612	FHA_01_021382_1	14	1400.8	620	1.259	0.557	24.564
203612	FHA_01_021382_1	15	1680.8	591	1.844	0.648	32.335
203612	FHA_01_021382_1	16	1892.8	623	2.038	0.671	35.802
203612	FHA_01_021382_1	17	2111.6	645	2.274	0.695	39.504
203612	FHA_01_021382_1	18	1904.4	609	2.127	0.68	36.542
203612	FHA_01_021382_1	19	1632	499	2.271	0.694	34.71
203612	FHA_01_021382_1	20	1438.4	381	2.775	0.735	35.058
203612	FHA_01_021382_1	21	883.2	314	1.813	0.644	23.265
203612	FHA_01_021382_1	22	571.2	254	1.249	0.555	15.616
203612	FHA_01_021382_1	23	420	166	1.53	0.605	14.839
203612	FHA_01_021382_1	24	202.4	105	0.928	0.481	7.856
203620	FHA_01_031381_1	1	7.6	79	-0.904	0.904	10.851
203620	FHA_01_031381_1	2	3.6	62	-0.942	0.942	10.197
203620	FHA_01_031381_1	3	0	59	-1	1	10.863
203620	FHA_01_031381_1	4	16.4	89	-0.816	0.816	10.001
203620	FHA_01_031381_1	5	79.2	159	-0.502	0.502	7.312
203620	FHA_01_031381_1	6	163.2	463	-0.648	0.648	16.943
203620	FHA_01_031381_1	7	278.4	1112	-0.75	0.75	31.616
203620	FHA_01_031381_1	8	256.4	1493	-0.828	0.828	41.812
203620	FHA_01_031381_1	9	236.8	1161	-0.796	0.796	34.959
203620	FHA_01_031381_1	10	243.6	1029	-0.763	0.763	31.136
203620	FHA_01_031381_1	11	166	961	-0.827	0.827	33.49
203620	FHA_01_031381_1	12	173.6	961	-0.819	0.819	33.059
203620	FHA_01_031381_1	13	196.8	986	-0.8	0.8	32.452
203620	FHA_01_031381_1	14	241.6	975	-0.752	0.752	29.736
203620	FHA_01_031381_1	15	229.2	1040	-0.78	0.78	32.186
203620	FHA_01_031381_1	16	312	1143	-0.727	0.727	30.809
203620	FHA_01_031381_1	17	282.8	1260	-0.776	0.776	35.184
203620	FHA_01_031381_1	18	246.8	1163	-0.788	0.788	34.509
203620	FHA_01_031381_1	19	204.8	764	-0.732	0.732	25.408
203620	FHA_01_031381_1	20	160.4	541	-0.704	0.704	20.324
203620	FHA_01_031381_1	21	139.2	417	-0.666	0.666	16.658
203620	FHA_01_031381_1	22	73.6	298	-0.753	0.753	16.463
203620	FHA_01_031381_1	23	53.6	238	-0.775	0.775	15.272
203620	FHA_01_031381_1	24	20.4	161	-0.873	0.873	14.763
203621	FHA_01_021383_1	1	8	108	-0.926	0.926	13.131
203621	FHA_01_021383_1	2	2.8	67	-0.958	0.958	10.867
203621	FHA_01_021383_1	3	12	48	-0.75	0.75	6.573
203621	FHA_01_021383_1	4	28.8	50	-0.424	0.424	3.377
203621	FHA_01_021383_1	5	163.2	119	0.371	0.271	3.721
203621	FHA_01_021383_1	6	464.4	283	0.641	0.391	9.384
203621	FHA_01_021383_1	7	868.4	532	0.632	0.387	12.713
203621	FHA_01_021383_1	8	1207.6	926	0.304	0.233	8.622
203621	FHA_01_021383_1	9	1230.8	899	0.369	0.27	10.168
203621	FHA_01_021383_1	10	1037.2	880	0.179	0.152	5.077
203621	FHA_01_021383_1	11	934.4	963	-0.03	0.03	0.929
203621	FHA_01_021383_1	12	796	1092	-0.271	0.271	9.634
203621	FHA_01_021383_1	13	696.4	1167	-0.403	0.403	15.417
203621	FHA_01_021383_1	14	643.2	1201	-0.464	0.464	18.369
203621	FHA_01_021383_1	15	673.6	1233	-0.454	0.454	18.118
203621	FHA_01_021383_1	16	744.4	1444	-0.484	0.484	21.15
203621	FHA_01_021383_1	17	754.8	1578	-0.522	0.522	24.104
203621	FHA_01_021383_1	18	786.4	1557	-0.495	0.495	22.512
203621	FHA_01_021383_1	19	668	1107	-0.397	0.397	14.736
203621	FHA_01_021383_1	20	547.6	800	-0.315	0.315	9.724
203621	FHA_01_021383_1	21	359.2	595	-0.396	0.396	10.795
203621	FHA_01_021383_1	22	292	464	-0.371	0.371	8.847
203621	FHA_01_021383_1	23	246	316	-0.222	0.222	4.176
203621	FHA_01_021383_1	24	156.4	209	-0.252	0.252	3.891
203622	FHA_01_031383_5	1	8	41	-0.805	0.805	6.667
203622	FHA_01_031383_5	2	2.8	28	-0.9	0.9	6.422
203622	FHA_01_031383_5	3	10.4	20	-0.48	0.48	2.462
203622	FHA_01_031383_5	4	30.4	24	0.267	0.211	1.227
203622	FHA_01_031383_5	5	162.8	48	2.392	0.705	11.182
203622	FHA_01_031383_5	6	462.4	133	2.477	0.712	19.091
203622	FHA_01_031383_5	7	870	346	1.514	0.602	21.251
203622	FHA_01_031383_5	8	1203.6	648	0.857	0.462	18.26
203622	FHA_01_031383_5	9	1233.2	625	0.973	0.493	19.953
203622	FHA_01_031383_5	10	1037.2	491	1.112	0.527	19.76
203622	FHA_01_031383_5	11	933.2	459	1.033	0.508	17.973
203622	FHA_01_031383_5	12	798	476	0.676	0.404	12.758
203622	FHA_01_031383_5	13	696.4	527	0.321	0.243	6.849
203622	FHA_01_031383_5	14	644	520	0.238	0.193	5.14
203622	FHA_01_031383_5	15	670.8	527	0.273	0.214	5.876
203622	FHA_01_031383_5	16	745.2	595	0.252	0.202	5.802
203622	FHA_01_031383_5	17	756.4	673	0.124	0.11	3.12
203622	FHA_01_031383_5	18	786	590	0.332	0.249	7.472
203622	FHA_01_031383_5	19	667.2	418	0.596	0.374	10.698
203622	FHA_01_031383_5	20	548.4	291	0.885	0.469	12.564
203622	FHA_01_031383_5	21	360.4	241	0.495	0.331	6.886
203622	FHA_01_031383_5	22	292	186	0.57	0.363	6.857
203622	FHA_01_031383_5	23	246	122	1.016	0.504	9.141
203622	FHA_01_031383_5	24	156	73	1.137	0.532	7.757
203923	FHA_01_031384_1	1	40.8	100	-0.592	0.592	7.056
203923	FHA_01_031384_1	2	16	55	-0.709	0.709	6.546
203923	FHA_01_031384_1	3	38.4	49	-0.216	0.216	1.603
203923	FHA_01_031384_1	4	182	86	1.116	0.527	8.293
203923	FHA_01_031384_1	5	794	182	3.363	0.771	27.704
203923	FHA_01_031384_1	6	2545.2	472	4.392	0.815	53.377
203923	FHA_01_031384_1	7	3874.8	1045	2.708	0.73	57.055
203923	FHA_01_031384_1	8	3838.4	1242	2.09	0.676	51.515
203923	FHA_01_031384_1	9	2509.6	1156	1.171	0.539	31.618
203923	FHA_01_031384_1	10	2521.2	980	1.573	0.611	36.835
203923	FHA_01_031384_1	11	2575.2	929	1.772	0.639	39.328
203923	FHA_01_031384_1	12	2632	885	1.974	0.664	41.66
203923	FHA_01_031384_1	13	2421.2	960	1.522	0.604	35.538
203923	FHA_01_031384_1	14	2450.8	934	1.624	0.619	36.87
203923	FHA_01_031384_1	15	2340.4	892	1.624	0.619	36.028
203923	FHA_01_031384_1	16	2403.6	872	1.756	0.637	37.846
203923	FHA_01_031384_1	17	2387.6	993	1.404	0.584	33.921
203923	FHA_01_031384_1	18	2245.6	1086	1.068	0.516	28.412
203923	FHA_01_031384_1	19	2151.6	923	1.331	0.571	31.335
203923	FHA_01_031384_1	20	1563.6	768	1.036	0.509	23.301
203923	FHA_01_031384_1	21	1146	595	0.926	0.481	18.675
203923	FHA_01_031384_1	22	1024	464	1.207	0.547	20.531
203923	FHA_01_031384_1	23	884	319	1.771	0.639	23.037
203923	FHA_01_031384_1	24	622	189	2.291	0.696	21.503
24792	FHA_01_000148_5	1	62.4	401	-0.844	0.844	22.245
24792	FHA_01_000148_5	2	41.2	285	-0.855	0.855	19.09
24792	FHA_01_000148_5	3	60.4	247	-0.755	0.755	15.051
24792	FHA_01_000148_5	4	118.4	322	-0.632	0.632	13.72
24792	FHA_01_000148_5	5	656.8	589	0.115	0.103	2.717
24792	FHA_01_000148_5	6	1818	1251	0.453	0.312	14.474
24792	FHA_01_000148_5	7	2845.2	2572	0.106	0.096	5.249
24792	FHA_01_000148_5	8	2941.6	3894	-0.245	0.245	16.291
24792	FHA_01_000148_5	9	2768.8	3650	-0.241	0.241	15.555
24792	FHA_01_000148_5	10	2530.4	3081	-0.179	0.179	10.395
24792	FHA_01_000148_5	11	2178	3122	-0.302	0.302	18.338
24792	FHA_01_000148_5	12	2147.2	3280	-0.345	0.345	21.746
24792	FHA_01_000148_5	13	2050.4	3442	-0.404	0.404	26.555
24792	FHA_01_000148_5	14	2261.6	3504	-0.355	0.355	23.14
24792	FHA_01_000148_5	15	2558.8	3581	-0.285	0.285	18.449
24792	FHA_01_000148_5	16	2664.8	3918	-0.32	0.32	21.844
24792	FHA_01_000148_5	17	2643.6	4066	-0.35	0.35	24.558
24792	FHA_01_000148_5	18	2512	3848	-0.347	0.347	23.692
24792	FHA_01_000148_5	19	2293.6	2949	-0.222	0.222	12.801
24792	FHA_01_000148_5	20	1827.6	2261	-0.192	0.192	9.586
24792	FHA_01_000148_5	21	1609.2	1807	-0.109	0.109	4.786
24792	FHA_01_000148_5	22	1322.4	1461	-0.095	0.095	3.715
24792	FHA_01_000148_5	23	880.8	1010	-0.128	0.128	4.202
24792	FHA_01_000148_5	24	538.4	673	-0.2	0.2	5.469
26653	FHA_01_000148_1	1	129.6	366	-0.646	0.646	15.017
26653	FHA_01_000148_1	2	63.6	274	-0.768	0.768	16.194
26653	FHA_01_000148_1	3	43.6	260	-0.832	0.832	17.564
26653	FHA_01_000148_1	4	177.2	310	-0.428	0.428	8.509
26653	FHA_01_000148_1	5	660.4	505	0.308	0.235	6.438
26653	FHA_01_000148_1	6	1696.8	1165	0.456	0.313	14.059
26653	FHA_01_000148_1	7	2844.4	2684	0.06	0.056	3.051
26653	FHA_01_000148_1	8	4027.2	4150	-0.03	0.03	1.92
26653	FHA_01_000148_1	9	3608	3753	-0.039	0.039	2.39
26653	FHA_01_000148_1	10	2900.4	3099	-0.064	0.064	3.626
26653	FHA_01_000148_1	11	2577.6	3058	-0.157	0.157	9.05
26653	FHA_01_000148_1	12	2457.2	3221	-0.237	0.237	14.335
26653	FHA_01_000148_1	13	2325.2	3353	-0.307	0.307	19.289
26653	FHA_01_000148_1	14	2535.6	3368	-0.247	0.247	15.321
26653	FHA_01_000148_1	15	2874.8	3555	-0.191	0.191	11.996
26653	FHA_01_000148_1	16	3215.2	3984	-0.193	0.193	12.814
26653	FHA_01_000148_1	17	3495.6	4253	-0.178	0.178	12.168
26653	FHA_01_000148_1	18	3276.4	4051	-0.191	0.191	12.797
26653	FHA_01_000148_1	19	2916.4	2933	-0.006	0.006	0.307
26653	FHA_01_000148_1	20	2546.4	2113	0.205	0.17	8.979
26653	FHA_01_000148_1	21	1648	1697	-0.029	0.029	1.198
26653	FHA_01_000148_1	22	1208.4	1263	-0.043	0.043	1.553
26653	FHA_01_000148_1	23	976.8	877	0.114	0.102	3.278
26653	FHA_01_000148_1	24	590	585	0.009	0.008	0.206
30246	FHA_01_001383_5	1	7.6	150	-0.949	0.949	16.042
30246	FHA_01_001383_5	2	3.6	95	-0.962	0.962	13.017
30246	FHA_01_001383_5	3	0	68	-1	1	11.662
30246	FHA_01_001383_5	4	18.4	74	-0.751	0.751	8.18
30246	FHA_01_001383_5	5	77.2	167	-0.538	0.538	8.127
30246	FHA_01_001383_5	6	166.8	416	-0.599	0.599	14.598
30246	FHA_01_001383_5	7	275.6	878	-0.686	0.686	25.083
30246	FHA_01_001383_5	8	259.2	1574	-0.835	0.835	43.428
30246	FHA_01_001383_5	9	233.6	1524	-0.847	0.847	43.529
30246	FHA_01_001383_5	10	243.6	1371	-0.822	0.822	39.679
30246	FHA_01_001383_5	11	167.2	1422	-0.882	0.882	44.514
30246	FHA_01_001383_5	12	172.4	1568	-0.89	0.89	47.31
30246	FHA_01_001383_5	13	199.2	1693	-0.882	0.882	48.565
30246	FHA_01_001383_5	14	240.4	1721	-0.86	0.86	47.279
30246	FHA_01_001383_5	15	232.8	1760	-0.868	0.868	48.381
30246	FHA_01_001383_5	16	308.4	2039	-0.849	0.849	50.515
30246	FHA_01_001383_5	17	283.6	2250	-0.874	0.874	55.248
30246	FHA_01_001383_5	18	245.2	2147	-0.886	0.886	54.99
30246	FHA_01_001383_5	19	204.8	1525	-0.866	0.866	44.891
30246	FHA_01_001383_5	20	161.2	1090	-0.852	0.852	37.134
30246	FHA_01_001383_5	21	138	836	-0.835	0.835	31.629
30246	FHA_01_001383_5	22	73.2	650	-0.887	0.887	30.333
30246	FHA_01_001383_5	23	53.6	437	-0.877	0.877	24.48
30246	FHA_01_001383_5	24	20.8	282	-0.926	0.926	21.228
48269	FHA_01_000701_3	1	40.8	78	-0.477	0.477	4.827
48269	FHA_01_000701_3	2	23.2	59	-0.607	0.607	5.584
48269	FHA_01_000701_3	3	38.4	45	-0.147	0.147	1.022
48269	FHA_01_000701_3	4	18.8	52	-0.638	0.638	5.58
48269	FHA_01_000701_3	5	79.6	101	-0.212	0.212	2.252
48269	FHA_01_000701_3	6	224	239	-0.063	0.063	0.986
48269	FHA_01_000701_3	7	721.6	397	0.818	0.45	13.725
48269	FHA_01_000701_3	8	1080	605	0.785	0.44	16.365
48269	FHA_01_000701_3	9	1290	587	1.198	0.545	22.948
48269	FHA_01_000701_3	10	998.4	657	0.52	0.342	11.867
48269	FHA_01_000701_3	11	855.6	716	0.195	0.163	4.98
48269	FHA_01_000701_3	12	826.4	742	0.114	0.102	3.014
48269	FHA_01_000701_3	13	1046.4	774	0.352	0.26	9.029
48269	FHA_01_000701_3	14	1226	833	0.472	0.321	12.248
48269	FHA_01_000701_3	15	1546	906	0.706	0.414	18.278
48269	FHA_01_000701_3	16	1928	973	0.982	0.495	25.075
48269	FHA_01_000701_3	17	2060.8	1002	1.057	0.514	27.056
48269	FHA_01_000701_3	18	2050.8	907	1.261	0.558	29.743
48269	FHA_01_000701_3	19	2033.6	774	1.627	0.619	33.619
48269	FHA_01_000701_3	20	1842.4	534	2.45	0.71	37.957
48269	FHA_01_000701_3	21	1514.8	392	2.864	0.741	36.363
48269	FHA_01_000701_3	22	1033.6	304	2.4	0.706	28.212
48269	FHA_01_000701_3	23	791.6	216	2.665	0.727	25.644
48269	FHA_01_000701_3	24	544.4	148	2.678	0.728	21.304
57301	FHA_01_000114_5	1	15.2	252	-0.94	0.94	20.487
57301	FHA_01_000114_5	2	8.8	191	-0.954	0.954	18.229
57301	FHA_01_000114_5	3	12.8	172	-0.926	0.926	16.562
57301	FHA_01_000114_5	4	29.2	236	-0.876	0.876	17.959
57301	FHA_01_000114_5	5	123.6	474	-0.739	0.739	20.271
57301	FHA_01_000114_5	6	279.6	1136	-0.754	0.754	32.19
57301	FHA_01_000114_5	7	743.2	1510	-0.508	0.508	22.845
57301	FHA_01_000114_5	8	1156.8	2003	-0.422	0.422	21.289
57301	FHA_01_000114_5	9	1148	1627	-0.294	0.294	12.859
57301	FHA_01_000114_5	10	945.6	1458	-0.351	0.351	14.781
57301	FHA_01_000114_5	11	744	1483	-0.498	0.498	22.146
57301	FHA_01_000114_5	12	547.2	1522	-0.64	0.64	30.306
57301	FHA_01_000114_5	13	492	1626	-0.697	0.697	34.847
57301	FHA_01_000114_5	14	626.8	1714	-0.634	0.634	31.779
57301	FHA_01_000114_5	15	810.8	1785	-0.546	0.546	27.041
57301	FHA_01_000114_5	16	1031.2	1938	-0.468	0.468	23.535
57301	FHA_01_000114_5	17	931.6	2152	-0.567	0.567	31.081
57301	FHA_01_000114_5	18	922.4	2274	-0.594	0.594	33.809
57301	FHA_01_000114_5	19	835.2	1600	-0.478	0.478	21.918
57301	FHA_01_000114_5	20	563.2	1213	-0.536	0.536	21.805
57301	FHA_01_000114_5	21	397.6	1049	-0.621	0.621	24.221
57301	FHA_01_000114_5	22	308.4	840	-0.633	0.633	22.185
57301	FHA_01_000114_5	23	207.2	556	-0.627	0.627	17.856
57301	FHA_01_000114_5	24	115.2	387	-0.702	0.702	17.152
62312	FHA_01_000129_1	1	124.8	169	-0.262	0.262	3.647
62312	FHA_01_000129_1	2	50	144	-0.653	0.653	9.544
62312	FHA_01_000129_1	3	46.8	118	-0.603	0.603	7.844
62312	FHA_01_000129_1	4	81.2	141	-0.424	0.424	5.673
62312	FHA_01_000129_1	5	306.4	230	0.332	0.249	4.665
62312	FHA_01_000129_1	6	950.4	527	0.803	0.445	15.578
62312	FHA_01_000129_1	7	1910	1007	0.897	0.473	23.645
62312	FHA_01_000129_1	8	2420.8	1528	0.584	0.369	20.093
62312	FHA_01_000129_1	9	2374	1403	0.692	0.409	22.344
62312	FHA_01_000129_1	10	2292	1348	0.7	0.412	22.128
62312	FHA_01_000129_1	11	1944.4	1381	0.408	0.29	13.817
62312	FHA_01_000129_1	12	1994	1473	0.354	0.261	12.513
62312	FHA_01_000129_1	13	2103.6	1656	0.27	0.213	10.324
62312	FHA_01_000129_1	14	2369.6	1732	0.368	0.269	14.079
62312	FHA_01_000129_1	15	2696.8	1965	0.372	0.271	15.158
62312	FHA_01_000129_1	16	2704	2335	0.158	0.136	7.351
62312	FHA_01_000129_1	17	2691.6	2501	0.076	0.071	3.741
62312	FHA_01_000129_1	18	2655.2	2215	0.199	0.166	8.921
62312	FHA_01_000129_1	19	2469.6	1519	0.626	0.385	21.286
62312	FHA_01_000129_1	20	2118	1135	0.866	0.464	24.374
62312	FHA_01_000129_1	21	1704.4	919	0.855	0.461	21.686
62312	FHA_01_000129_1	22	1362.4	725	0.879	0.468	19.73
62312	FHA_01_000129_1	23	1083.6	495	1.189	0.543	20.951
62312	FHA_01_000129_1	24	710.8	330	1.154	0.536	16.693
62531	FHA_01_000717_5	1	69.6	399	-0.826	0.826	21.52
62531	FHA_01_000717_5	2	40.8	280	-0.854	0.854	18.887
62531	FHA_01_000717_5	3	60.8	240	-0.747	0.747	14.612
62531	FHA_01_000717_5	4	126.4	314	-0.597	0.597	12.642
62531	FHA_01_000717_5	5	684.8	592	0.157	0.136	3.673
62531	FHA_01_000717_5	6	1857.2	1266	0.467	0.318	14.961
62531	FHA_01_000717_5	7	2918.4	2624	0.112	0.101	5.592
62531	FHA_01_000717_5	8	2751.2	3997	-0.312	0.312	21.447
62531	FHA_01_000717_5	9	2586.4	3777	-0.315	0.315	21.107
62531	FHA_01_000717_5	10	2417.2	3290	-0.265	0.265	16.339
62531	FHA_01_000717_5	11	2140.8	3395	-0.369	0.369	23.839
62531	FHA_01_000717_5	12	2097.2	3643	-0.424	0.424	28.854
62531	FHA_01_000717_5	13	2100.4	3765	-0.442	0.442	30.738
62531	FHA_01_000717_5	14	2322.8	3795	-0.388	0.388	26.619
62531	FHA_01_000717_5	15	2690.4	3948	-0.319	0.319	21.829
62531	FHA_01_000717_5	16	2724.4	4361	-0.375	0.375	27.496
62531	FHA_01_000717_5	17	2682	4531	-0.408	0.408	30.789
62531	FHA_01_000717_5	18	2507.2	4351	-0.424	0.424	31.486
62531	FHA_01_000717_5	19	2231.6	3164	-0.295	0.295	17.951
62531	FHA_01_000717_5	20	1848	2346	-0.212	0.212	10.875
62531	FHA_01_000717_5	21	1554	1866	-0.167	0.167	7.545
62531	FHA_01_000717_5	22	1301.2	1511	-0.139	0.139	5.595
62531	FHA_01_000717_5	23	912.4	1040	-0.123	0.123	4.084
62531	FHA_01_000717_5	24	556.8	683	-0.185	0.185	5.069
62751	FHA_01_000123_1	1	123.2	164	-0.249	0.249	3.405
62751	FHA_01_000123_1	2	37.2	111	-0.665	0.665	8.573
62751	FHA_01_000123_1	3	52.8	106	-0.502	0.502	5.97
62751	FHA_01_000123_1	4	80.4	197	-0.592	0.592	9.901
62751	FHA_01_000123_1	5	216	487	-0.556	0.556	14.455
62751	FHA_01_000123_1	6	903.6	1054	-0.143	0.143	4.807
62751	FHA_01_000123_1	7	1706	2179	-0.217	0.217	10.732
62751	FHA_01_000123_1	8	2358	2894	-0.185	0.185	10.46
62751	FHA_01_000123_1	9	2316	2339	-0.01	0.01	0.477
62751	FHA_01_000123_1	10	2100.8	1853	0.134	0.118	5.573
62751	FHA_01_000123_1	11	1665.6	1792	-0.071	0.071	3.04
62751	FHA_01_000123_1	12	1652	1774	-0.069	0.069	2.948
62751	FHA_01_000123_1	13	1770	1836	-0.036	0.036	1.554
62751	FHA_01_000123_1	14	2011.6	1825	0.102	0.093	4.26
62751	FHA_01_000123_1	15	2520.4	1911	0.319	0.242	12.946
62751	FHA_01_000123_1	16	2940.4	1939	0.516	0.341	20.274
62751	FHA_01_000123_1	17	3285.6	2097	0.567	0.362	22.912
62751	FHA_01_000123_1	18	3084.8	1999	0.543	0.352	21.536
62751	FHA_01_000123_1	19	2810.8	1476	0.904	0.475	28.831
62751	FHA_01_000123_1	20	2371.2	1144	1.073	0.518	29.272
62751	FHA_01_000123_1	21	1902.4	875	1.174	0.54	27.57
62751	FHA_01_000123_1	22	1457.6	665	1.192	0.544	24.33
62751	FHA_01_000123_1	23	1099.6	444	1.477	0.596	23.599
62751	FHA_01_000123_1	24	742.8	279	1.662	0.624	20.519
62831	FHA_01_000117_1	1	133.2	322	-0.586	0.586	12.515
62831	FHA_01_000117_1	2	50.4	255	-0.802	0.802	16.557
62831	FHA_01_000117_1	3	59.2	232	-0.745	0.745	14.321
62831	FHA_01_000117_1	4	112.4	275	-0.591	0.591	11.683
62831	FHA_01_000117_1	5	426.8	426	0.002	0.002	0.039
62831	FHA_01_000117_1	6	1304	904	0.442	0.307	12.039
62831	FHA_01_000117_1	7	2308.4	2002	0.153	0.133	6.6
62831	FHA_01_000117_1	8	2671.6	2876	-0.071	0.071	3.881
62831	FHA_01_000117_1	9	2540	2621	-0.031	0.031	1.595
62831	FHA_01_000117_1	10	2327.6	2345	-0.007	0.007	0.36
62831	FHA_01_000117_1	11	1967.2	2347	-0.162	0.162	8.177
62831	FHA_01_000117_1	12	2034	2474	-0.178	0.178	9.268
62831	FHA_01_000117_1	13	2078.4	2670	-0.222	0.222	12.141
62831	FHA_01_000117_1	14	2185.6	2814	-0.223	0.223	12.569
62831	FHA_01_000117_1	15	2718	3079	-0.117	0.117	6.705
62831	FHA_01_000117_1	16	3136.8	3502	-0.104	0.104	6.339
62831	FHA_01_000117_1	17	3486.4	3970	-0.122	0.122	7.92
62831	FHA_01_000117_1	18	3211.6	3703	-0.133	0.133	8.357
62831	FHA_01_000117_1	19	2806.4	2442	0.149	0.13	7.113
62831	FHA_01_000117_1	20	2328.8	1826	0.275	0.216	11.032
62831	FHA_01_000117_1	21	1776.8	1454	0.222	0.182	8.031
62831	FHA_01_000117_1	22	1423.2	1148	0.24	0.193	7.675
62831	FHA_01_000117_1	23	1113.2	821	0.356	0.262	9.396
62831	FHA_01_000117_1	24	692.4	552	0.254	0.203	5.629
66619	FHA_01_000118_1	1	117.6	319	-0.631	0.631	13.631
66619	FHA_01_000118_1	2	46	256	-0.82	0.82	17.09
66619	FHA_01_000118_1	3	54	232	-0.767	0.767	14.885
66619	FHA_01_000118_1	4	92	270	-0.659	0.659	13.231
66619	FHA_01_000118_1	5	307.6	409	-0.248	0.248	5.357
66619	FHA_01_000118_1	6	1040	814	0.278	0.217	7.423
66619	FHA_01_000118_1	7	1893.2	1722	0.099	0.09	4.027
66619	FHA_01_000118_1	8	2262.4	2499	-0.095	0.095	4.849
66619	FHA_01_000118_1	9	2146.4	2322	-0.076	0.076	3.715
66619	FHA_01_000118_1	10	1991.6	2195	-0.093	0.093	4.446
66619	FHA_01_000118_1	11	1660.8	2232	-0.256	0.256	12.947
66619	FHA_01_000118_1	12	1703.6	2369	-0.281	0.281	14.746
66619	FHA_01_000118_1	13	1763.2	2584	-0.318	0.318	17.605
66619	FHA_01_000118_1	14	1961.2	2658	-0.262	0.262	14.499
66619	FHA_01_000118_1	15	2375.2	2999	-0.208	0.208	12.034
66619	FHA_01_000118_1	16	2809.6	3541	-0.207	0.207	12.98
66619	FHA_01_000118_1	17	3281.6	3957	-0.171	0.171	11.227
66619	FHA_01_000118_1	18	2982	3735	-0.202	0.202	12.993
66619	FHA_01_000118_1	19	2665.6	2447	0.089	0.082	4.324
66619	FHA_01_000118_1	20	2241.2	1799	0.246	0.197	9.839
66619	FHA_01_000118_1	21	1714.8	1405	0.22	0.181	7.844
66619	FHA_01_000118_1	22	1352	1127	0.2	0.166	6.391
66619	FHA_01_000118_1	23	1089.2	801	0.36	0.265	9.375
66619	FHA_01_000118_1	24	710.8	543	0.309	0.236	6.702
76481	FHA_01_000118_5	1	36.4	302	-0.879	0.879	20.419
76481	FHA_01_000118_5	2	22.4	233	-0.904	0.904	18.636
76481	FHA_01_000118_5	3	30.4	206	-0.852	0.852	16.152
76481	FHA_01_000118_5	4	141.6	301	-0.53	0.53	10.715
76481	FHA_01_000118_5	5	733.2	582	0.26	0.206	5.896
76481	FHA_01_000118_5	6	1925.6	1338	0.439	0.305	14.546
76481	FHA_01_000118_5	7	3108	2837	0.096	0.087	4.971
76481	FHA_01_000118_5	8	3378.4	4043	-0.164	0.164	10.91
76481	FHA_01_000118_5	9	2948	3381	-0.128	0.128	7.697
76481	FHA_01_000118_5	10	2458.4	2620	-0.062	0.062	3.207
76481	FHA_01_000118_5	11	2151.2	2478	-0.132	0.132	6.793
76481	FHA_01_000118_5	12	1934.4	2428	-0.203	0.203	10.569
76481	FHA_01_000118_5	13	1841.2	2492	-0.261	0.261	13.982
76481	FHA_01_000118_5	14	1940	2398	-0.191	0.191	9.834
76481	FHA_01_000118_5	15	2062	2528	-0.184	0.184	9.727
76481	FHA_01_000118_5	16	2115.2	2703	-0.217	0.217	11.976
76481	FHA_01_000118_5	17	1996	3040	-0.343	0.343	20.805
76481	FHA_01_000118_5	18	1818	2860	-0.364	0.364	21.545
76481	FHA_01_000118_5	19	1667.6	1989	-0.162	0.162	7.517
76481	FHA_01_000118_5	20	1372.4	1499	-0.084	0.084	3.341
76481	FHA_01_000118_5	21	1193.6	1162	0.027	0.026	0.921
76481	FHA_01_000118_5	22	976.4	928	0.052	0.05	1.568
76481	FHA_01_000118_5	23	655.2	667	-0.018	0.018	0.459
76481	FHA_01_000118_5	24	453.2	470	-0.036	0.036	0.782
76614	FHA_01_000122_5	1	36.4	175	-0.792	0.792	13.481
76614	FHA_01_000122_5	2	17.2	118	-0.854	0.854	12.26
76614	FHA_01_000122_5	3	35.2	119	-0.704	0.704	9.544
76614	FHA_01_000122_5	4	154.8	200	-0.226	0.226	3.394
76614	FHA_01_000122_5	5	812	470	0.728	0.421	13.508
76614	FHA_01_000122_5	6	2017.2	1007	1.003	0.501	25.979
76614	FHA_01_000122_5	7	3240	2139	0.515	0.34	21.23
76614	FHA_01_000122_5	8	3458.4	2982	0.16	0.138	8.395
76614	FHA_01_000122_5	9	3280	2451	0.338	0.253	15.487
76614	FHA_01_000122_5	10	2771.2	1942	0.427	0.299	17.081
76614	FHA_01_000122_5	11	2376.4	1855	0.281	0.219	11.336
76614	FHA_01_000122_5	12	2039.6	1846	0.105	0.095	4.392
76614	FHA_01_000122_5	13	1960.8	1897	0.034	0.033	1.453
76614	FHA_01_000122_5	14	1915.2	1897	0.01	0.01	0.417
76614	FHA_01_000122_5	15	1989.2	2001	-0.006	0.006	0.264
76614	FHA_01_000122_5	16	2088.8	2069	0.01	0.009	0.434
76614	FHA_01_000122_5	17	2044.4	2289	-0.107	0.107	5.255
76614	FHA_01_000122_5	18	1896.8	2144	-0.115	0.115	5.5
76614	FHA_01_000122_5	19	1666.4	1558	0.07	0.065	2.7
76614	FHA_01_000122_5	20	1335.2	1166	0.145	0.127	4.785
76614	FHA_01_000122_5	21	1161.6	899	0.292	0.226	8.181
76614	FHA_01_000122_5	22	945.6	693	0.365	0.267	8.825
76614	FHA_01_000122_5	23	635.2	467	0.36	0.265	7.165
76614	FHA_01_000122_5	24	430.4	298	0.444	0.308	6.938
76679	FHA_01_000122_1	1	123.2	207	-0.405	0.405	6.522
76679	FHA_01_000122_1	2	45.6	166	-0.725	0.725	11.705
76679	FHA_01_000122_1	3	48.4	130	-0.628	0.628	8.64
76679	FHA_01_000122_1	4	88.4	145	-0.39	0.39	5.239
76679	FHA_01_000122_1	5	252	243	0.037	0.036	0.572
76679	FHA_01_000122_1	6	962.8	571	0.686	0.407	14.148
76679	FHA_01_000122_1	7	1796.4	1270	0.414	0.293	13.444
76679	FHA_01_000122_1	8	2470.4	1925	0.283	0.221	11.634
76679	FHA_01_000122_1	9	2379.6	1714	0.388	0.28	14.712
76679	FHA_01_000122_1	10	2179.6	1630	0.337	0.252	12.593
76679	FHA_01_000122_1	11	1670	1660	0.006	0.006	0.245
76679	FHA_01_000122_1	12	1684.8	1771	-0.049	0.049	2.074
76679	FHA_01_000122_1	13	1798	1960	-0.083	0.083	3.737
76679	FHA_01_000122_1	14	2047.2	2093	-0.022	0.022	1.007
76679	FHA_01_000122_1	15	2594.4	2355	0.102	0.092	4.812
76679	FHA_01_000122_1	16	2928	2831	0.034	0.033	1.808
76679	FHA_01_000122_1	17	3471.2	3157	0.1	0.091	5.458
76679	FHA_01_000122_1	18	3156.4	3029	0.042	0.04	2.291
76679	FHA_01_000122_1	19	2724.8	1997	0.364	0.267	14.979
76679	FHA_01_000122_1	20	2384	1405	0.697	0.411	22.492
76679	FHA_01_000122_1	21	1876.8	1106	0.697	0.411	19.959
76679	FHA_01_000122_1	22	1454.4	868	0.676	0.403	17.208
76679	FHA_01_000122_1	23	1122	614	0.827	0.453	17.243
76679	FHA_01_000122_1	24	730.8	402	0.818	0.45	13.816
78445	FHA_01_001401_5	1	110.4	50	1.208	0.547	6.744
78445	FHA_01_001401_5	2	45.2	25	0.808	0.447	3.41
78445	FHA_01_001401_5	3	59.2	19	2.116	0.679	6.429
78445	FHA_01_001401_5	4	136.8	29	3.717	0.788	11.84
78445	FHA_01_001401_5	5	615.6	82	6.507	0.867	28.571
78445	FHA_01_001401_5	6	1704.4	220	6.747	0.871	47.854
78445	FHA_01_001401_5	7	3155.6	710	3.445	0.775	55.628
78445	FHA_01_001401_5	8	4089.6	1223	2.344	0.701	55.62
78445	FHA_01_001401_5	9	3618.8	1220	1.966	0.663	48.769
78445	FHA_01_001401_5	10	3290.8	936	2.516	0.716	51.223
78445	FHA_01_001401_5	11	2625.6	834	2.148	0.682	43.077
78445	FHA_01_001401_5	12	2333.6	868	1.688	0.628	36.631
78445	FHA_01_001401_5	13	2556.4	913	1.8	0.643	39.458
78445	FHA_01_001401_5	14	3179.2	897	2.544	0.718	50.552
78445	FHA_01_001401_5	15	3995.6	881	3.535	0.78	63.075
78445	FHA_01_001401_5	16	4381.6	921	3.757	0.79	67.208
78445	FHA_01_001401_5	17	4462.4	911	3.898	0.796	68.516
78445	FHA_01_001401_5	18	4230	965	3.383	0.772	64.063
78445	FHA_01_001401_5	19	4005.2	727	4.509	0.818	67.394
78445	FHA_01_001401_5	20	3378.8	567	4.959	0.832	63.304
78445	FHA_01_001401_5	21	2736.8	437	5.263	0.84	57.732
78445	FHA_01_001401_5	22	2065.6	317	5.516	0.847	50.662
78445	FHA_01_001401_5	23	1607.2	194	7.285	0.879	47.091
78445	FHA_01_001401_5	24	1058	112	8.446	0.894	39.112
79982	FHA_01_000134_1	1	80.8	413	-0.804	0.804	21.142
79982	FHA_01_000134_1	2	30	299	-0.9	0.9	20.973
79982	FHA_01_000134_1	3	45.6	281	-0.838	0.838	18.421
79982	FHA_01_000134_1	4	111.2	360	-0.691	0.691	16.209
79982	FHA_01_000134_1	5	418	626	-0.332	0.332	9.104
79982	FHA_01_000134_1	6	1303.2	1366	-0.046	0.046	1.719
79982	FHA_01_000134_1	7	3002.8	3005	-0.001	0.001	0.04
79982	FHA_01_000134_1	8	4188	4310	-0.028	0.028	1.872
79982	FHA_01_000134_1	9	3910.4	3881	0.008	0.008	0.471
79982	FHA_01_000134_1	10	2916.8	3326	-0.123	0.123	7.324
79982	FHA_01_000134_1	11	2361.2	3346	-0.294	0.294	18.435
79982	FHA_01_000134_1	12	1954.4	3514	-0.444	0.444	29.826
79982	FHA_01_000134_1	13	1927.6	3779	-0.49	0.49	34.66
79982	FHA_01_000134_1	14	2148.8	3820	-0.437	0.437	30.591
79982	FHA_01_000134_1	15	2704.4	3866	-0.3	0.3	20.266
79982	FHA_01_000134_1	16	3150.4	4072	-0.226	0.226	15.336
79982	FHA_01_000134_1	17	3252.8	4344	-0.251	0.251	17.705
79982	FHA_01_000134_1	18	3120.4	4321	-0.278	0.278	19.683
79982	FHA_01_000134_1	19	2631.2	3388	-0.223	0.223	13.795
79982	FHA_01_000134_1	20	2213.2	2593	-0.146	0.146	7.748
79982	FHA_01_000134_1	21	1504.8	2054	-0.267	0.267	13.019
79982	FHA_01_000134_1	22	1118	1516	-0.263	0.263	10.967
79982	FHA_01_000134_1	23	804.4	1028	-0.218	0.218	7.387
79982	FHA_01_000134_1	24	410.4	656	-0.374	0.374	10.636
79983	FHA_01_000134_5	1	19.2	401	-0.952	0.952	26.34
79983	FHA_01_000134_5	2	26	271	-0.904	0.904	20.105
79983	FHA_01_000134_5	3	30	227	-0.868	0.868	17.379
79983	FHA_01_000134_5	4	86.8	284	-0.694	0.694	14.483
79983	FHA_01_000134_5	5	470.4	557	-0.155	0.155	3.821
79983	FHA_01_000134_5	6	1345.2	1205	0.116	0.104	3.926
79983	FHA_01_000134_5	7	2596.4	2174	0.194	0.163	8.649
79983	FHA_01_000134_5	8	3108	3222	-0.035	0.035	2.026
79983	FHA_01_000134_5	9	3061.2	3098	-0.012	0.012	0.663
79983	FHA_01_000134_5	10	2814.8	2929	-0.039	0.039	2.131
79983	FHA_01_000134_5	11	2516.8	3096	-0.187	0.187	10.933
79983	FHA_01_000134_5	12	2218.8	3313	-0.33	0.33	20.806
79983	FHA_01_000134_5	13	1970.4	3401	-0.421	0.421	27.605
79983	FHA_01_000134_5	14	2163.6	3357	-0.355	0.355	22.715
79983	FHA_01_000134_5	15	2491.6	3490	-0.286	0.286	18.256
79983	FHA_01_000134_5	16	2553.6	3849	-0.337	0.337	22.895
79983	FHA_01_000134_5	17	2608.4	4162	-0.373	0.373	26.702
79983	FHA_01_000134_5	18	2383.2	4164	-0.428	0.428	31.124
79983	FHA_01_000134_5	19	2001.2	2985	-0.33	0.33	19.703
79983	FHA_01_000134_5	20	1450	2270	-0.361	0.361	19.013
79983	FHA_01_000134_5	21	1074	1819	-0.41	0.41	19.588
79983	FHA_01_000134_5	22	791.2	1448	-0.454	0.454	19.629
79983	FHA_01_000134_5	23	608.4	1023	-0.405	0.405	14.517
79983	FHA_01_000134_5	24	345.6	680	-0.492	0.492	14.767
79986	FHA_01_001384_1	1	58.8	176	-0.666	0.666	10.817
79986	FHA_01_001384_1	2	29.2	111	-0.737	0.737	9.77
79986	FHA_01_001384_1	3	32.8	93	-0.647	0.647	7.591
79986	FHA_01_001384_1	4	77.2	153	-0.495	0.495	7.065
79986	FHA_01_001384_1	5	255.6	311	-0.178	0.178	3.291
79986	FHA_01_001384_1	6	714.8	735	-0.027	0.027	0.75
79986	FHA_01_001384_1	7	1496.4	1614	-0.073	0.073	2.982
79986	FHA_01_001384_1	8	2520.8	2090	0.206	0.171	8.972
79986	FHA_01_001384_1	9	2447.2	1896	0.291	0.225	11.828
79986	FHA_01_001384_1	10	1850.8	1621	0.142	0.124	5.516
79986	FHA_01_001384_1	11	1520	1606	-0.054	0.054	2.175
79986	FHA_01_001384_1	12	1250	1591	-0.214	0.214	9.048
79986	FHA_01_001384_1	13	1228	1761	-0.303	0.303	13.787
79986	FHA_01_001384_1	14	1404	1753	-0.199	0.199	8.784
79986	FHA_01_001384_1	15	1683.2	1741	-0.033	0.033	1.397
79986	FHA_01_001384_1	16	1893.2	1825	0.037	0.036	1.582
79986	FHA_01_001384_1	17	2108	2052	0.027	0.027	1.228
79986	FHA_01_001384_1	18	1906.8	2157	-0.116	0.116	5.551
79986	FHA_01_001384_1	19	1628	1719	-0.053	0.053	2.224
79986	FHA_01_001384_1	20	1436	1343	0.069	0.065	2.495
79986	FHA_01_001384_1	21	882	1020	-0.135	0.135	4.475
79986	FHA_01_001384_1	22	571.6	761	-0.249	0.249	7.337
79986	FHA_01_001384_1	23	414	512	-0.191	0.191	4.554
79986	FHA_01_001384_1	24	201.6	314	-0.358	0.358	7
81860	FHA_01_000115_5	1	12.8	264	-0.952	0.952	21.353
81860	FHA_01_000115_5	2	8.4	195	-0.957	0.957	18.503
81860	FHA_01_000115_5	3	14.8	168	-0.912	0.912	16.025
81860	FHA_01_000115_5	4	49.2	220	-0.776	0.776	14.722
81860	FHA_01_000115_5	5	184.4	436	-0.577	0.577	14.285
81860	FHA_01_000115_5	6	564.4	1083	-0.479	0.479	18.07
81860	FHA_01_000115_5	7	1205.2	1450	-0.169	0.169	6.719
81860	FHA_01_000115_5	8	1654.8	1926	-0.141	0.141	6.409
81860	FHA_01_000115_5	9	1468.4	1639	-0.104	0.104	4.328
81860	FHA_01_000115_5	10	1334.8	1497	-0.108	0.108	4.311
81860	FHA_01_000115_5	11	1054	1546	-0.318	0.318	13.646
81860	FHA_01_000115_5	12	982.8	1603	-0.387	0.387	17.248
81860	FHA_01_000115_5	13	1015.6	1715	-0.408	0.408	18.928
81860	FHA_01_000115_5	14	1037.2	1827	-0.432	0.432	20.87
81860	FHA_01_000115_5	15	1209.2	1935	-0.375	0.375	18.305
81860	FHA_01_000115_5	16	1444.8	2135	-0.323	0.323	16.314
81860	FHA_01_000115_5	17	1534.4	2453	-0.374	0.374	20.573
81860	FHA_01_000115_5	18	1307.6	2632	-0.503	0.503	29.841
81860	FHA_01_000115_5	19	1129.2	1785	-0.367	0.367	17.18
81860	FHA_01_000115_5	20	891.2	1361	-0.345	0.345	14
81860	FHA_01_000115_5	21	643.6	1117	-0.424	0.424	15.956
81860	FHA_01_000115_5	22	409.2	896	-0.543	0.543	19.056
81860	FHA_01_000115_5	23	325.2	623	-0.478	0.478	13.677
81860	FHA_01_000115_5	24	162.4	433	-0.625	0.625	15.683
97470	FHA_01_001382_5	1	57.6	146	-0.605	0.605	8.761
97470	FHA_01_001382_5	2	22.4	98	-0.771	0.771	9.744
97470	FHA_01_001382_5	3	42.8	87	-0.508	0.508	5.487
97470	FHA_01_001382_5	4	78	117	-0.333	0.333	3.95
97470	FHA_01_001382_5	5	376	242	0.554	0.356	7.623
97470	FHA_01_001382_5	6	1026.4	559	0.836	0.455	16.601
97470	FHA_01_001382_5	7	1403.2	1317	0.065	0.061	2.337
97470	FHA_01_001382_5	8	1463.2	2017	-0.275	0.275	13.276
97470	FHA_01_001382_5	9	1403.2	1905	-0.263	0.263	12.338
97470	FHA_01_001382_5	10	1290.4	1608	-0.198	0.198	8.343
97470	FHA_01_001382_5	11	1104.8	1574	-0.298	0.298	12.82
97470	FHA_01_001382_5	12	1007.2	1666	-0.395	0.395	18.02
97470	FHA_01_001382_5	13	1147.2	1716	-0.331	0.331	15.033
97470	FHA_01_001382_5	14	1261.6	1762	-0.284	0.284	12.87
97470	FHA_01_001382_5	15	1429.2	1817	-0.213	0.213	9.626
97470	FHA_01_001382_5	16	1457.6	2011	-0.275	0.275	13.289
97470	FHA_01_001382_5	17	1438.8	2085	-0.31	0.31	15.395
97470	FHA_01_001382_5	18	1403.6	1966	-0.286	0.286	13.702
97470	FHA_01_001382_5	19	1330.8	1453	-0.084	0.084	3.275
97470	FHA_01_001382_5	20	1214.8	1045	0.162	0.14	5.051
97470	FHA_01_001382_5	21	1102	824	0.337	0.252	8.958
97470	FHA_01_001382_5	22	943.6	674	0.4	0.286	9.48
97470	FHA_01_001382_5	23	626.8	445	0.409	0.29	7.853
97470	FHA_01_001382_5	24	409.6	282	0.452	0.312	6.862
97472	FHA_01_031382_5	1	11.2	95	-0.882	0.882	11.5
97472	FHA_01_031382_5	2	19.2	69	-0.722	0.722	7.499
97472	FHA_01_031382_5	3	18	63	-0.714	0.714	7.071
97472	FHA_01_031382_5	4	48.4	86	-0.437	0.437	4.587
97472	FHA_01_031382_5	5	292	182	0.604	0.377	7.145
97472	FHA_01_031382_5	6	817.6	405	1.019	0.505	16.688
97472	FHA_01_031382_5	7	1365.6	947	0.442	0.307	12.31
97472	FHA_01_031382_5	8	1230.4	1430	-0.14	0.14	5.473
97472	FHA_01_031382_5	9	1234.8	1244	-0.007	0.007	0.261
97472	FHA_01_031382_5	10	1200	1045	0.148	0.129	4.626
97472	FHA_01_031382_5	11	1113.6	1032	0.079	0.073	2.491
97472	FHA_01_031382_5	12	1092.8	1071	0.02	0.02	0.663
97472	FHA_01_031382_5	13	952.4	1094	-0.129	0.129	4.427
97472	FHA_01_031382_5	14	1040	1142	-0.089	0.089	3.088
97472	FHA_01_031382_5	15	1175.6	1226	-0.041	0.041	1.454
97472	FHA_01_031382_5	16	1216.4	1388	-0.124	0.124	4.755
97472	FHA_01_031382_5	17	1240.8	1440	-0.138	0.138	5.441
97472	FHA_01_031382_5	18	1110.4	1356	-0.181	0.181	6.994
97472	FHA_01_031382_5	19	932.8	954	-0.022	0.022	0.69
97472	FHA_01_031382_5	20	656.4	665	-0.013	0.013	0.335
97472	FHA_01_031382_5	21	549.6	511	0.076	0.07	1.676
97472	FHA_01_031382_5	22	376	420	-0.105	0.105	2.206
97472	FHA_01_031382_5	23	289.6	278	0.042	0.04	0.689
97472	FHA_01_031382_5	24	152.4	176	-0.134	0.134	1.842
98424	FHA_01_000422_3	1	0	102	-1	1	14.283
98424	FHA_01_000422_3	2	8	63	-0.873	0.873	9.231
98424	FHA_01_000422_3	3	8.8	56	-0.843	0.843	8.292
98424	FHA_01_000422_3	4	34.8	75	-0.536	0.536	5.426
98424	FHA_01_000422_3	5	154	110	0.4	0.286	3.83
98424	FHA_01_000422_3	6	423.6	277	0.529	0.346	7.833
98424	FHA_01_000422_3	7	674	480	0.404	0.288	8.076
98424	FHA_01_000422_3	8	774	619	0.25	0.2	5.873
98424	FHA_01_000422_3	9	651.2	563	0.157	0.135	3.58
98424	FHA_01_000422_3	10	502.8	490	0.026	0.025	0.575
98424	FHA_01_000422_3	11	382.4	475	-0.195	0.195	4.472
98424	FHA_01_000422_3	12	366	473	-0.226	0.226	5.224
98424	FHA_01_000422_3	13	420.4	519	-0.19	0.19	4.55
98424	FHA_01_000422_3	14	415.2	543	-0.235	0.235	5.839
98424	FHA_01_000422_3	15	408.8	546	-0.251	0.251	6.279
98424	FHA_01_000422_3	16	495.6	556	-0.109	0.109	2.634
98424	FHA_01_000422_3	17	473.6	575	-0.176	0.176	4.428
98424	FHA_01_000422_3	18	438.4	561	-0.219	0.219	5.484
98424	FHA_01_000422_3	19	290.8	524	-0.445	0.445	11.554
98424	FHA_01_000422_3	20	246.4	449	-0.451	0.451	10.865
98424	FHA_01_000422_3	21	179.6	427	-0.579	0.579	14.206
98424	FHA_01_000422_3	22	143.6	324	-0.557	0.557	11.798
98424	FHA_01_000422_3	23	78	229	-0.659	0.659	12.188
98424	FHA_01_000422_3	24	35.2	167	-0.789	0.789	13.108
98425	FHA_01_000422_7	1	15.2	128	-0.881	0.881	13.331
98425	FHA_01_000422_7	2	2	84	-0.976	0.976	12.505
98425	FHA_01_000422_7	3	6	61	-0.902	0.902	9.503
98425	FHA_01_000422_7	4	15.2	53	-0.713	0.713	6.473
98425	FHA_01_000422_7	5	36.8	67	-0.451	0.451	4.192
98425	FHA_01_000422_7	6	153.6	140	0.097	0.089	1.122
98425	FHA_01_000422_7	7	327.6	240	0.365	0.267	5.2
98425	FHA_01_000422_7	8	403.6	353	0.143	0.125	2.602
98425	FHA_01_000422_7	9	509.2	393	0.296	0.228	5.471
98425	FHA_01_000422_7	10	477.6	399	0.197	0.165	3.754
98425	FHA_01_000422_7	11	482.4	442	0.091	0.084	1.879
98425	FHA_01_000422_7	12	483.2	468	0.032	0.031	0.697
98425	FHA_01_000422_7	13	496	529	-0.062	0.062	1.458
98425	FHA_01_000422_7	14	612.4	554	0.105	0.095	2.418
98425	FHA_01_000422_7	15	662.8	621	0.067	0.063	1.65
98425	FHA_01_000422_7	16	707.2	695	0.018	0.017	0.461
98425	FHA_01_000422_7	17	781.2	725	0.078	0.072	2.048
98425	FHA_01_000422_7	18	670.4	734	-0.087	0.087	2.4
98425	FHA_01_000422_7	19	528	626	-0.157	0.157	4.08
98425	FHA_01_000422_7	20	409.6	547	-0.251	0.251	6.283
98425	FHA_01_000422_7	21	313.6	476	-0.341	0.341	8.173
98425	FHA_01_000422_7	22	212.4	403	-0.473	0.473	10.866
98425	FHA_01_000422_7	23	149.6	313	-0.522	0.522	10.744
98425	FHA_01_000422_7	24	92.8	227	-0.591	0.591	10.613
