Link Id	Count Station Id	Hour	MATSIM volumes	Count volumes	Relative Error	Normalized Relative Error	GEH
31984	FHA_55_130604_1	1	0	156	-1	1	17.664
31984	FHA_55_130604_1	2	0	105	-1	1	14.491
31984	FHA_55_130604_1	3	13.2	90	-0.853	0.853	10.691
31984	FHA_55_130604_1	4	63.6	120	-0.47	0.47	5.887
31984	FHA_55_130604_1	5	308	241	0.278	0.218	4.044
31984	FHA_55_130604_1	6	781.2	609	0.283	0.22	6.531
31984	FHA_55_130604_1	7	1169.2	975	0.199	0.166	5.931
31984	FHA_55_130604_1	8	1690.4	1411	0.198	0.165	7.095
31984	FHA_55_130604_1	9	1526	1400	0.09	0.083	3.294
31984	FHA_55_130604_1	10	1286.4	1311	-0.019	0.019	0.683
31984	FHA_55_130604_1	11	959.2	1366	-0.298	0.298	11.931
31984	FHA_55_130604_1	12	906.8	1420	-0.361	0.361	15.046
31984	FHA_55_130604_1	13	837.2	1491	-0.438	0.438	19.162
31984	FHA_55_130604_1	14	1112.4	1570	-0.291	0.291	12.495
31984	FHA_55_130604_1	15	1474	1598	-0.078	0.078	3.164
31984	FHA_55_130604_1	16	2104	1792	0.174	0.148	7.069
31984	FHA_55_130604_1	17	1974.4	1978	-0.002	0.002	0.081
31984	FHA_55_130604_1	18	1778.4	1846	-0.037	0.037	1.588
31984	FHA_55_130604_1	19	1256	1328	-0.054	0.054	2.003
31984	FHA_55_130604_1	20	1249.2	997	0.253	0.202	7.526
31984	FHA_55_130604_1	21	840	851	-0.013	0.013	0.378
31984	FHA_55_130604_1	22	721.6	702	0.028	0.027	0.735
31984	FHA_55_130604_1	23	625.6	510	0.227	0.185	4.851
31984	FHA_55_130604_1	24	430.8	293	0.47	0.32	7.244
31990	FHA_55_130215_5	1	3.2	75	-0.957	0.957	11.482
31990	FHA_55_130215_5	2	0	54	-1	1	10.392
31990	FHA_55_130215_5	3	0	41	-1	1	9.055
31990	FHA_55_130215_5	4	16.4	43	-0.619	0.619	4.881
31990	FHA_55_130215_5	5	78	79	-0.013	0.013	0.113
31990	FHA_55_130215_5	6	171.2	194	-0.118	0.118	1.687
31990	FHA_55_130215_5	7	446.8	384	0.164	0.141	3.081
31990	FHA_55_130215_5	8	795.2	603	0.319	0.242	7.269
31990	FHA_55_130215_5	9	650.4	572	0.137	0.121	3.171
31990	FHA_55_130215_5	10	411.2	607	-0.323	0.323	8.678
31990	FHA_55_130215_5	11	378.8	660	-0.426	0.426	12.339
31990	FHA_55_130215_5	12	500.8	737	-0.32	0.32	9.494
31990	FHA_55_130215_5	13	660	782	-0.156	0.156	4.544
31990	FHA_55_130215_5	14	686.8	798	-0.139	0.139	4.081
31990	FHA_55_130215_5	15	830	900	-0.078	0.078	2.38
31990	FHA_55_130215_5	16	982	1060	-0.074	0.074	2.441
31990	FHA_55_130215_5	17	1080	1044	0.034	0.033	1.105
31990	FHA_55_130215_5	18	884.4	841	0.052	0.049	1.478
31990	FHA_55_130215_5	19	636.8	624	0.021	0.02	0.51
31990	FHA_55_130215_5	20	552.8	519	0.065	0.061	1.46
31990	FHA_55_130215_5	21	383.6	428	-0.104	0.104	2.204
31990	FHA_55_130215_5	22	320.4	343	-0.066	0.066	1.241
31990	FHA_55_130215_5	23	304	242	0.256	0.204	3.752
31990	FHA_55_130215_5	24	271.6	164	0.656	0.396	7.291
40760	FHA_55_130215_1	1	0	68	-1	1	11.662
40760	FHA_55_130215_1	2	0	43	-1	1	9.274
40760	FHA_55_130215_1	3	6.8	49	-0.861	0.861	7.989
40760	FHA_55_130215_1	4	26.4	73	-0.638	0.638	6.61
40760	FHA_55_130215_1	5	204.4	123	0.662	0.398	6.362
40760	FHA_55_130215_1	6	502	369	0.36	0.265	6.373
40760	FHA_55_130215_1	7	885.2	610	0.451	0.311	10.065
40760	FHA_55_130215_1	8	1137.2	827	0.375	0.273	9.898
40760	FHA_55_130215_1	9	959.6	870	0.103	0.093	2.962
40760	FHA_55_130215_1	10	830.8	817	0.017	0.017	0.481
40760	FHA_55_130215_1	11	606.4	829	-0.269	0.269	8.309
40760	FHA_55_130215_1	12	502	883	-0.431	0.431	14.478
40760	FHA_55_130215_1	13	508.4	933	-0.455	0.455	15.816
40760	FHA_55_130215_1	14	565.6	910	-0.378	0.378	12.679
40760	FHA_55_130215_1	15	728	935	-0.221	0.221	7.179
40760	FHA_55_130215_1	16	976.8	1030	-0.052	0.052	1.679
40760	FHA_55_130215_1	17	1079.2	1132	-0.047	0.047	1.588
40760	FHA_55_130215_1	18	862.4	985	-0.124	0.124	4.034
40760	FHA_55_130215_1	19	647.2	701	-0.077	0.077	2.072
40760	FHA_55_130215_1	20	506.4	508	-0.003	0.003	0.071
40760	FHA_55_130215_1	21	395.6	403	-0.018	0.018	0.37
40760	FHA_55_130215_1	22	312.8	329	-0.049	0.049	0.904
40760	FHA_55_130215_1	23	220.4	258	-0.146	0.146	2.431
40760	FHA_55_130215_1	24	140.8	134	0.051	0.048	0.58
42243	FHA_55_130604_5	1	3.2	161	-0.98	0.98	17.415
42243	FHA_55_130604_5	2	5.2	112	-0.954	0.954	13.952
42243	FHA_55_130604_5	3	13.6	73	-0.814	0.814	9.027
42243	FHA_55_130604_5	4	92	85	0.082	0.076	0.744
42243	FHA_55_130604_5	5	336	194	0.732	0.423	8.723
42243	FHA_55_130604_5	6	808	479	0.687	0.407	12.969
42243	FHA_55_130604_5	7	1242	1063	0.168	0.144	5.273
42243	FHA_55_130604_5	8	1370.8	1605	-0.146	0.146	6.072
42243	FHA_55_130604_5	9	1028.8	1558	-0.34	0.34	14.715
42243	FHA_55_130604_5	10	788	1426	-0.447	0.447	19.176
42243	FHA_55_130604_5	11	612.4	1389	-0.559	0.559	24.55
42243	FHA_55_130604_5	12	700.4	1507	-0.535	0.535	24.279
42243	FHA_55_130604_5	13	986.4	1591	-0.38	0.38	16.842
42243	FHA_55_130604_5	14	1135.2	1558	-0.271	0.271	11.522
42243	FHA_55_130604_5	15	1382.4	1691	-0.182	0.182	7.872
42243	FHA_55_130604_5	16	1440.4	1873	-0.231	0.231	10.628
42243	FHA_55_130604_5	17	1553.2	1910	-0.187	0.187	8.574
42243	FHA_55_130604_5	18	1483.2	1680	-0.117	0.117	4.949
42243	FHA_55_130604_5	19	1173.6	1267	-0.074	0.074	2.674
42243	FHA_55_130604_5	20	901.6	1017	-0.113	0.113	3.726
42243	FHA_55_130604_5	21	614	903	-0.32	0.32	10.493
42243	FHA_55_130604_5	22	532.8	759	-0.298	0.298	8.9
42243	FHA_55_130604_5	23	479.2	526	-0.089	0.089	2.088
42243	FHA_55_130604_5	24	389.2	329	0.183	0.155	3.177
44151	FHA_55_131576_1	1	0	19	-1	1	6.164
44151	FHA_55_131576_1	2	0	13	-1	1	5.099
44151	FHA_55_131576_1	3	0	12	-1	1	4.899
44151	FHA_55_131576_1	4	9.6	7	0.371	0.271	0.902
44151	FHA_55_131576_1	5	48.8	23	1.122	0.529	4.306
44151	FHA_55_131576_1	6	135.6	61	1.223	0.55	7.524
44151	FHA_55_131576_1	7	559.6	141	2.969	0.748	22.366
44151	FHA_55_131576_1	8	819.6	162	4.059	0.802	29.683
44151	FHA_55_131576_1	9	832.4	142	4.862	0.829	31.279
44151	FHA_55_131576_1	10	583.6	143	3.081	0.755	23.116
44151	FHA_55_131576_1	11	399.6	151	1.646	0.622	14.983
44151	FHA_55_131576_1	12	256	157	0.631	0.387	6.889
44151	FHA_55_131576_1	13	172	168	0.024	0.023	0.307
44151	FHA_55_131576_1	14	155.2	176	-0.118	0.118	1.616
44151	FHA_55_131576_1	15	184.8	195	-0.052	0.052	0.74
44151	FHA_55_131576_1	16	204.4	266	-0.232	0.232	4.017
44151	FHA_55_131576_1	17	272	309	-0.12	0.12	2.171
44151	FHA_55_131576_1	18	212.8	232	-0.083	0.083	1.287
44151	FHA_55_131576_1	19	181.2	148	0.224	0.183	2.588
44151	FHA_55_131576_1	20	160.4	99	0.62	0.383	5.391
44151	FHA_55_131576_1	21	110	85	0.294	0.227	2.532
44151	FHA_55_131576_1	22	59.2	60	-0.013	0.013	0.104
44151	FHA_55_131576_1	23	58.4	44	0.327	0.247	2.012
44151	FHA_55_131576_1	24	84	29	1.897	0.655	7.317
44152	FHA_55_131576_5	1	0	10	-1	1	4.472
44152	FHA_55_131576_5	2	0	7	-1	1	3.742
44152	FHA_55_131576_5	3	0	5	-1	1	3.162
44152	FHA_55_131576_5	4	9.6	9	0.067	0.062	0.197
44152	FHA_55_131576_5	5	50	19	1.632	0.62	5.278
44152	FHA_55_131576_5	6	102.8	91	0.13	0.115	1.199
44152	FHA_55_131576_5	7	130	198	-0.343	0.343	5.31
44152	FHA_55_131576_5	8	214.8	221	-0.028	0.028	0.42
44152	FHA_55_131576_5	9	209.6	156	0.344	0.256	3.964
44152	FHA_55_131576_5	10	184.4	128	0.441	0.306	4.513
44152	FHA_55_131576_5	11	125.2	119	0.052	0.05	0.561
44152	FHA_55_131576_5	12	103.6	130	-0.203	0.203	2.443
44152	FHA_55_131576_5	13	139.2	134	0.039	0.037	0.445
44152	FHA_55_131576_5	14	204.8	145	0.412	0.292	4.522
44152	FHA_55_131576_5	15	203.6	168	0.212	0.175	2.612
44152	FHA_55_131576_5	16	290.4	208	0.396	0.284	5.22
44152	FHA_55_131576_5	17	410.4	241	0.703	0.413	9.387
44152	FHA_55_131576_5	18	319.2	190	0.68	0.405	8.097
44152	FHA_55_131576_5	19	308.8	108	1.859	0.65	13.91
44152	FHA_55_131576_5	20	201.2	81	1.484	0.597	10.119
44152	FHA_55_131576_5	21	174.4	70	1.491	0.599	9.444
44152	FHA_55_131576_5	22	117.2	52	1.254	0.556	7.089
44152	FHA_55_131576_5	23	106	36	1.944	0.66	8.307
44152	FHA_55_131576_5	24	99.2	23	3.313	0.768	9.748
74729	FHA_55_130011_7	1	3.6	444	-0.992	0.992	29.439
74729	FHA_55_130011_7	2	14.4	306	-0.953	0.953	23.039
74729	FHA_55_130011_7	3	57.6	245	-0.765	0.765	15.235
74729	FHA_55_130011_7	4	409.2	282	0.451	0.311	6.842
74729	FHA_55_130011_7	5	1665.2	664	1.508	0.601	29.338
74729	FHA_55_130011_7	6	4336	2213	0.959	0.49	37.1
74729	FHA_55_130011_7	7	6080	4499	0.351	0.26	21.738
74729	FHA_55_130011_7	8	6540	6007	0.089	0.081	6.729
74729	FHA_55_130011_7	9	5368.4	5078	0.057	0.054	4.018
74729	FHA_55_130011_7	10	4343.6	4166	0.043	0.041	2.723
74729	FHA_55_130011_7	11	3510.8	3896	-0.099	0.099	6.33
74729	FHA_55_130011_7	12	3077.2	3972	-0.225	0.225	15.072
74729	FHA_55_130011_7	13	2987.6	4166	-0.283	0.283	19.704
74729	FHA_55_130011_7	14	3165.6	4129	-0.233	0.233	15.952
74729	FHA_55_130011_7	15	3784	4394	-0.139	0.139	9.539
74729	FHA_55_130011_7	16	4429.2	4643	-0.046	0.046	3.174
74729	FHA_55_130011_7	17	4568.4	5022	-0.09	0.09	6.55
74729	FHA_55_130011_7	18	4314	4526	-0.047	0.047	3.189
74729	FHA_55_130011_7	19	3486.4	3527	-0.012	0.012	0.686
74729	FHA_55_130011_7	20	2796	2593	0.078	0.073	3.911
74729	FHA_55_130011_7	21	2096.4	2170	-0.034	0.034	1.594
74729	FHA_55_130011_7	22	1684.8	1742	-0.033	0.033	1.382
74729	FHA_55_130011_7	23	1457.2	1332	0.094	0.086	3.353
74729	FHA_55_130011_7	24	1245.6	838	0.486	0.327	12.628
81215	FHA_55_130011_3	1	6	388	-0.985	0.985	27.216
81215	FHA_55_130011_3	2	2	257	-0.992	0.992	22.408
81215	FHA_55_130011_3	3	29.6	209	-0.858	0.858	16.425
81215	FHA_55_130011_3	4	196.8	275	-0.284	0.284	5.091
81215	FHA_55_130011_3	5	855.2	600	0.425	0.298	9.461
81215	FHA_55_130011_3	6	2501.2	1645	0.52	0.342	18.805
81215	FHA_55_130011_3	7	4056.8	3016	0.345	0.257	17.502
81215	FHA_55_130011_3	8	4957.6	4374	0.133	0.118	8.544
81215	FHA_55_130011_3	9	4705.2	4086	0.152	0.132	9.339
81215	FHA_55_130011_3	10	3744.4	3779	-0.009	0.009	0.564
81215	FHA_55_130011_3	11	3104	3972	-0.219	0.219	14.593
81215	FHA_55_130011_3	12	3147.6	4226	-0.255	0.255	17.76
81215	FHA_55_130011_3	13	3520.8	4505	-0.218	0.218	15.537
81215	FHA_55_130011_3	14	4559.2	4603	-0.01	0.01	0.647
81215	FHA_55_130011_3	15	5627.6	5175	0.087	0.08	6.158
81215	FHA_55_130011_3	16	6462.4	6109	0.058	0.055	4.457
81215	FHA_55_130011_3	17	5868	6293	-0.068	0.068	5.45
81215	FHA_55_130011_3	18	5141.6	5695	-0.097	0.097	7.518
81215	FHA_55_130011_3	19	4470	3903	0.145	0.127	8.763
81215	FHA_55_130011_3	20	4305.6	2871	0.5	0.333	23.949
81215	FHA_55_130011_3	21	3392.4	2325	0.459	0.315	19.964
81215	FHA_55_130011_3	22	2891.6	1836	0.575	0.365	21.712
81215	FHA_55_130011_3	23	2572.8	1298	0.982	0.495	28.977
81215	FHA_55_130011_3	24	2536.8	787	2.223	0.69	42.923
