Link Id	Count Station Id	Hour	MATSIM volumes	Count volumes	Relative Error	Normalized Relative Error	GEH
140698	FHA_17_001190_1	1	32.5	50	-0.35	0.35	2.725
140698	FHA_17_001190_1	2	9	26	-0.654	0.654	4.064
140698	FHA_17_001190_1	3	7.5	19	-0.605	0.605	3.159
140698	FHA_17_001190_1	4	9	30	-0.7	0.7	4.756
140698	FHA_17_001190_1	5	87	62	0.403	0.287	2.896
140698	FHA_17_001190_1	6	188.5	205	-0.08	0.08	1.176
140698	FHA_17_001190_1	7	388.5	508	-0.235	0.235	5.644
140698	FHA_17_001190_1	8	704.5	708	-0.005	0.005	0.132
140698	FHA_17_001190_1	9	616	702	-0.123	0.123	3.35
140698	FHA_17_001190_1	10	469.5	568	-0.173	0.173	4.325
140698	FHA_17_001190_1	11	525.5	527	-0.003	0.003	0.065
140698	FHA_17_001190_1	12	493.5	600	-0.177	0.177	4.555
140698	FHA_17_001190_1	13	381.5	625	-0.39	0.39	10.854
140698	FHA_17_001190_1	14	362.5	613	-0.409	0.409	11.343
140698	FHA_17_001190_1	15	434	662	-0.344	0.344	9.74
140698	FHA_17_001190_1	16	455.5	715	-0.363	0.363	10.727
140698	FHA_17_001190_1	17	450.5	733	-0.385	0.385	11.613
140698	FHA_17_001190_1	18	459	742	-0.381	0.381	11.549
140698	FHA_17_001190_1	19	413.5	683	-0.395	0.395	11.51
140698	FHA_17_001190_1	20	391	511	-0.235	0.235	5.651
140698	FHA_17_001190_1	21	307.5	420	-0.268	0.268	5.899
140698	FHA_17_001190_1	22	258.5	299	-0.135	0.135	2.426
140698	FHA_17_001190_1	23	217.5	187	0.163	0.14	2.145
140698	FHA_17_001190_1	24	154.5	106	0.458	0.314	4.25
140699	FHA_17_001190_5	1	25.5	60	-0.575	0.575	5.277
140699	FHA_17_001190_5	2	5	32	-0.844	0.844	6.277
140699	FHA_17_001190_5	3	7.5	27	-0.722	0.722	4.695
140699	FHA_17_001190_5	4	17	29	-0.414	0.414	2.502
140699	FHA_17_001190_5	5	95.5	63	0.516	0.34	3.651
140699	FHA_17_001190_5	6	257.5	174	0.48	0.324	5.685
140699	FHA_17_001190_5	7	322.5	343	-0.06	0.06	1.124
140699	FHA_17_001190_5	8	413.5	458	-0.097	0.097	2.132
140699	FHA_17_001190_5	9	397	543	-0.269	0.269	6.734
140699	FHA_17_001190_5	10	419.5	495	-0.153	0.153	3.531
140699	FHA_17_001190_5	11	486.5	518	-0.061	0.061	1.406
140699	FHA_17_001190_5	12	319.5	566	-0.436	0.436	11.715
140699	FHA_17_001190_5	13	320.5	565	-0.433	0.433	11.62
140699	FHA_17_001190_5	14	396	566	-0.3	0.3	7.751
140699	FHA_17_001190_5	15	470.5	571	-0.176	0.176	4.404
140699	FHA_17_001190_5	16	427	655	-0.348	0.348	9.802
140699	FHA_17_001190_5	17	406.5	694	-0.414	0.414	12.256
140699	FHA_17_001190_5	18	429	653	-0.343	0.343	9.631
140699	FHA_17_001190_5	19	359	558	-0.357	0.357	9.294
140699	FHA_17_001190_5	20	351.5	454	-0.226	0.226	5.107
140699	FHA_17_001190_5	21	288.5	354	-0.185	0.185	3.654
140699	FHA_17_001190_5	22	174	240	-0.275	0.275	4.587
140699	FHA_17_001190_5	23	174.5	191	-0.086	0.086	1.221
140699	FHA_17_001190_5	24	137.5	117	0.175	0.149	1.817
140747	FHA_17_001560_3	1	3	19	-0.842	0.842	4.824
140747	FHA_17_001560_3	2	0	12	-1	1	4.899
140747	FHA_17_001560_3	3	1	12	-0.917	0.917	4.315
140747	FHA_17_001560_3	4	4.5	25	-0.82	0.82	5.338
140747	FHA_17_001560_3	5	58.5	78	-0.25	0.25	2.36
140747	FHA_17_001560_3	6	104	223	-0.534	0.534	9.307
140747	FHA_17_001560_3	7	475	446	0.065	0.061	1.351
140747	FHA_17_001560_3	8	823	635	0.296	0.228	6.963
140747	FHA_17_001560_3	9	850	595	0.429	0.3	9.487
140747	FHA_17_001560_3	10	803.5	452	0.778	0.437	14.029
140747	FHA_17_001560_3	11	786.5	409	0.923	0.48	15.44
140747	FHA_17_001560_3	12	725	421	0.722	0.419	12.7
140747	FHA_17_001560_3	13	687.5	432	0.591	0.372	10.799
140747	FHA_17_001560_3	14	598.5	409	0.463	0.317	8.443
140747	FHA_17_001560_3	15	628.5	430	0.462	0.316	8.628
140747	FHA_17_001560_3	16	672	468	0.436	0.304	8.545
140747	FHA_17_001560_3	17	634.5	470	0.35	0.259	7
140747	FHA_17_001560_3	18	541	480	0.127	0.113	2.7
140747	FHA_17_001560_3	19	420.5	423	-0.006	0.006	0.122
140747	FHA_17_001560_3	20	313.5	265	0.183	0.155	2.852
140747	FHA_17_001560_3	21	218	171	0.275	0.216	3.37
140747	FHA_17_001560_3	22	157	126	0.246	0.197	2.606
140747	FHA_17_001560_3	23	122.5	83	0.476	0.322	3.897
140747	FHA_17_001560_3	24	95.5	45	1.122	0.529	6.025
140748	FHA_17_001560_7	1	16	34	-0.529	0.529	3.6
140748	FHA_17_001560_7	2	4	17	-0.765	0.765	4.012
140748	FHA_17_001560_7	3	20	14	0.429	0.3	1.455
140748	FHA_17_001560_7	4	4.5	19	-0.763	0.763	4.23
140748	FHA_17_001560_7	5	13.5	48	-0.719	0.719	6.222
140748	FHA_17_001560_7	6	58	108	-0.463	0.463	5.488
140748	FHA_17_001560_7	7	198.5	227	-0.126	0.126	1.954
140748	FHA_17_001560_7	8	461.5	365	0.264	0.209	4.747
140748	FHA_17_001560_7	9	532.5	398	0.338	0.253	6.236
140748	FHA_17_001560_7	10	440.5	342	0.288	0.224	4.98
140748	FHA_17_001560_7	11	484.5	396	0.223	0.183	4.218
140748	FHA_17_001560_7	12	510	469	0.087	0.08	1.853
140748	FHA_17_001560_7	13	504.5	522	-0.034	0.034	0.772
140748	FHA_17_001560_7	14	546.5	515	0.061	0.058	1.367
140748	FHA_17_001560_7	15	646.5	651	-0.007	0.007	0.177
140748	FHA_17_001560_7	16	792	769	0.03	0.029	0.823
140748	FHA_17_001560_7	17	716	800	-0.105	0.105	3.051
140748	FHA_17_001560_7	18	738	785	-0.06	0.06	1.703
140748	FHA_17_001560_7	19	580.5	603	-0.037	0.037	0.925
140748	FHA_17_001560_7	20	507.5	436	0.164	0.141	3.292
140748	FHA_17_001560_7	21	414.5	333	0.245	0.197	4.216
140748	FHA_17_001560_7	22	364	233	0.562	0.36	7.582
140748	FHA_17_001560_7	23	296.5	149	0.99	0.497	9.883
140748	FHA_17_001560_7	24	226.5	75	2.02	0.669	12.339
193378	FHA_17_001500_5	1	0	22	-1	1	6.633
193378	FHA_17_001500_5	2	0	19	-1	1	6.164
193378	FHA_17_001500_5	3	0	13	-1	1	5.099
193378	FHA_17_001500_5	4	0	21	-1	1	6.481
193378	FHA_17_001500_5	5	0	51	-1	1	10.1
193378	FHA_17_001500_5	6	24.5	151	-0.838	0.838	13.504
193378	FHA_17_001500_5	7	77.5	320	-0.758	0.758	17.201
193378	FHA_17_001500_5	8	136	357	-0.619	0.619	14.076
193378	FHA_17_001500_5	9	103.5	326	-0.683	0.683	15.183
193378	FHA_17_001500_5	10	139.5	260	-0.463	0.463	8.526
193378	FHA_17_001500_5	11	164.5	240	-0.315	0.315	5.309
193378	FHA_17_001500_5	12	166	255	-0.349	0.349	6.134
193378	FHA_17_001500_5	13	150	279	-0.462	0.462	8.808
193378	FHA_17_001500_5	14	133	279	-0.523	0.523	10.172
193378	FHA_17_001500_5	15	133.5	301	-0.556	0.556	11.364
193378	FHA_17_001500_5	16	158.5	346	-0.542	0.542	11.806
193378	FHA_17_001500_5	17	135	378	-0.643	0.643	15.173
193378	FHA_17_001500_5	18	86	345	-0.751	0.751	17.643
193378	FHA_17_001500_5	19	78	291	-0.732	0.732	15.681
193378	FHA_17_001500_5	20	30.5	209	-0.854	0.854	16.312
193378	FHA_17_001500_5	21	28	136	-0.794	0.794	11.927
193378	FHA_17_001500_5	22	20.5	100	-0.795	0.795	10.242
193378	FHA_17_001500_5	23	17	71	-0.761	0.761	8.141
193378	FHA_17_001500_5	24	8	56	-0.857	0.857	8.485
193379	FHA_17_001500_1	1	0	24	-1	1	6.928
193379	FHA_17_001500_1	2	4.5	13	-0.654	0.654	2.874
193379	FHA_17_001500_1	3	0	11	-1	1	4.69
193379	FHA_17_001500_1	4	5	19	-0.737	0.737	4.041
193379	FHA_17_001500_1	5	0.5	64	-0.992	0.992	11.182
193379	FHA_17_001500_1	6	13.5	141	-0.904	0.904	14.506
193379	FHA_17_001500_1	7	77	257	-0.7	0.7	13.929
193379	FHA_17_001500_1	8	201.5	310	-0.35	0.35	6.785
193379	FHA_17_001500_1	9	138.5	298	-0.535	0.535	10.797
193379	FHA_17_001500_1	10	112	270	-0.585	0.585	11.432
193379	FHA_17_001500_1	11	84	270	-0.689	0.689	13.981
193379	FHA_17_001500_1	12	88	292	-0.699	0.699	14.8
193379	FHA_17_001500_1	13	109.5	296	-0.63	0.63	13.098
193379	FHA_17_001500_1	14	112	294	-0.619	0.619	12.774
193379	FHA_17_001500_1	15	124.5	360	-0.654	0.654	15.131
193379	FHA_17_001500_1	16	114.5	431	-0.734	0.734	19.164
193379	FHA_17_001500_1	17	153	440	-0.652	0.652	16.667
193379	FHA_17_001500_1	18	131	405	-0.677	0.677	16.737
193379	FHA_17_001500_1	19	112.5	320	-0.648	0.648	14.11
193379	FHA_17_001500_1	20	115.5	234	-0.506	0.506	8.964
193379	FHA_17_001500_1	21	74.5	187	-0.602	0.602	9.839
193379	FHA_17_001500_1	22	37	142	-0.739	0.739	11.099
193379	FHA_17_001500_1	23	35	99	-0.646	0.646	7.819
193379	FHA_17_001500_1	24	17.5	54	-0.676	0.676	6.105
20088	FHA_17_001520_3	1	18.5	22	-0.159	0.159	0.778
20088	FHA_17_001520_3	2	22	22	0	0	0
20088	FHA_17_001520_3	3	18.5	10	0.85	0.459	2.252
20088	FHA_17_001520_3	4	16	22	-0.273	0.273	1.376
20088	FHA_17_001520_3	5	47	60	-0.217	0.217	1.777
20088	FHA_17_001520_3	6	191.5	204	-0.061	0.061	0.889
20088	FHA_17_001520_3	7	532	504	0.056	0.053	1.23
20088	FHA_17_001520_3	8	1249	725	0.723	0.42	16.679
20088	FHA_17_001520_3	9	1476	709	1.082	0.52	23.205
20088	FHA_17_001520_3	10	1133	533	1.126	0.53	20.789
20088	FHA_17_001520_3	11	1009	557	0.811	0.448	16.153
20088	FHA_17_001520_3	12	1006	638	0.577	0.366	12.835
20088	FHA_17_001520_3	13	880.5	676	0.303	0.232	7.331
20088	FHA_17_001520_3	14	924.5	601	0.538	0.35	11.713
20088	FHA_17_001520_3	15	942	708	0.331	0.248	8.147
20088	FHA_17_001520_3	16	979	752	0.302	0.232	7.716
20088	FHA_17_001520_3	17	912.5	795	0.148	0.129	4.021
20088	FHA_17_001520_3	18	794.5	727	0.093	0.085	2.447
20088	FHA_17_001520_3	19	720.5	595	0.211	0.174	4.893
20088	FHA_17_001520_3	20	585.5	407	0.439	0.305	8.013
20088	FHA_17_001520_3	21	422	315	0.34	0.254	5.574
20088	FHA_17_001520_3	22	340	215	0.581	0.368	7.504
20088	FHA_17_001520_3	23	241	121	0.992	0.498	8.92
20088	FHA_17_001520_3	24	220.5	82	1.689	0.628	11.262
20115	FHA_17_001520_7	1	17.5	25	-0.3	0.3	1.627
20115	FHA_17_001520_7	2	6	15	-0.6	0.6	2.777
20115	FHA_17_001520_7	3	17.5	12	0.458	0.314	1.432
20115	FHA_17_001520_7	4	1.5	31	-0.952	0.952	7.318
20115	FHA_17_001520_7	5	57	81	-0.296	0.296	2.889
20115	FHA_17_001520_7	6	131	192	-0.318	0.318	4.8
20115	FHA_17_001520_7	7	357	367	-0.027	0.027	0.526
20115	FHA_17_001520_7	8	1044.5	600	0.741	0.426	15.501
20115	FHA_17_001520_7	9	1055	646	0.633	0.388	14.024
20115	FHA_17_001520_7	10	813.5	532	0.529	0.346	10.853
20115	FHA_17_001520_7	11	920.5	525	0.753	0.43	14.711
20115	FHA_17_001520_7	12	904.5	650	0.392	0.281	9.129
20115	FHA_17_001520_7	13	836.5	758	0.104	0.094	2.78
20115	FHA_17_001520_7	14	743.5	714	0.041	0.04	1.093
20115	FHA_17_001520_7	15	875.5	751	0.166	0.142	4.366
20115	FHA_17_001520_7	16	953	835	0.141	0.124	3.947
20115	FHA_17_001520_7	17	998.5	985	0.014	0.014	0.429
20115	FHA_17_001520_7	18	903.5	989	-0.086	0.086	2.779
20115	FHA_17_001520_7	19	839.5	739	0.136	0.12	3.577
20115	FHA_17_001520_7	20	803.5	441	0.822	0.451	14.532
20115	FHA_17_001520_7	21	701.5	286	1.453	0.592	18.699
20115	FHA_17_001520_7	22	551.5	183	2.014	0.668	19.229
20115	FHA_17_001520_7	23	496	107	3.636	0.784	22.403
20115	FHA_17_001520_7	24	300	52	4.769	0.827	18.694
215411	FHA_17_001260_3	1	25	175	-0.857	0.857	15
215411	FHA_17_001260_3	2	13	101	-0.871	0.871	11.656
215411	FHA_17_001260_3	3	12.5	62	-0.798	0.798	8.11
215411	FHA_17_001260_3	4	13	83	-0.843	0.843	10.104
215411	FHA_17_001260_3	5	29	146	-0.801	0.801	12.508
215411	FHA_17_001260_3	6	118	590	-0.8	0.8	25.087
215411	FHA_17_001260_3	7	501	1095	-0.542	0.542	21.027
215411	FHA_17_001260_3	8	1700	1409	0.207	0.171	7.381
215411	FHA_17_001260_3	9	1828.5	1331	0.374	0.272	12.517
215411	FHA_17_001260_3	10	1358	1191	0.14	0.123	4.678
215411	FHA_17_001260_3	11	1360	1095	0.242	0.195	7.564
215411	FHA_17_001260_3	12	1202	1132	0.062	0.058	2.049
215411	FHA_17_001260_3	13	1176.5	1161	0.013	0.013	0.453
215411	FHA_17_001260_3	14	958	1154	-0.17	0.17	6.031
215411	FHA_17_001260_3	15	1105	1244	-0.112	0.112	4.056
215411	FHA_17_001260_3	16	1173.5	1318	-0.11	0.11	4.094
215411	FHA_17_001260_3	17	1193.5	1306	-0.086	0.086	3.182
215411	FHA_17_001260_3	18	1007.5	1365	-0.262	0.262	10.38
215411	FHA_17_001260_3	19	881.5	1323	-0.334	0.334	13.298
215411	FHA_17_001260_3	20	669	1161	-0.424	0.424	16.265
215411	FHA_17_001260_3	21	525.5	947	-0.445	0.445	15.534
215411	FHA_17_001260_3	22	450	718	-0.373	0.373	11.09
215411	FHA_17_001260_3	23	349	527	-0.338	0.338	8.505
215411	FHA_17_001260_3	24	242	353	-0.314	0.314	6.435
21555	FHA_17_001270_3	1	11.5	22	-0.477	0.477	2.566
21555	FHA_17_001270_3	2	3	16	-0.812	0.812	4.218
21555	FHA_17_001270_3	3	13.5	14	-0.036	0.036	0.135
21555	FHA_17_001270_3	4	26	17	0.529	0.346	1.941
21555	FHA_17_001270_3	5	67	37	0.811	0.448	4.16
21555	FHA_17_001270_3	6	206.5	106	0.948	0.487	8.04
21555	FHA_17_001270_3	7	694.5	241	1.882	0.653	20.969
21555	FHA_17_001270_3	8	1970.5	429	3.593	0.782	44.504
21555	FHA_17_001270_3	9	2216.5	491	3.514	0.778	46.897
21555	FHA_17_001270_3	10	1835	403	3.553	0.78	42.808
21555	FHA_17_001270_3	11	1729	383	3.514	0.778	41.42
21555	FHA_17_001270_3	12	1709.5	434	2.939	0.746	38.961
21555	FHA_17_001270_3	13	1497.5	460	2.255	0.693	33.163
21555	FHA_17_001270_3	14	1442	430	2.353	0.702	33.078
21555	FHA_17_001270_3	15	1612	492	2.276	0.695	34.531
21555	FHA_17_001270_3	16	1786	604	1.957	0.662	34.193
21555	FHA_17_001270_3	17	1453	637	1.281	0.562	25.242
21555	FHA_17_001270_3	18	1271	604	1.104	0.525	21.784
21555	FHA_17_001270_3	19	1074.5	472	1.276	0.561	21.667
21555	FHA_17_001270_3	20	897	337	1.662	0.624	22.545
21555	FHA_17_001270_3	21	756.5	271	1.792	0.642	21.42
21555	FHA_17_001270_3	22	565	204	1.77	0.639	18.41
21555	FHA_17_001270_3	23	505.5	109	3.638	0.784	22.62
21555	FHA_17_001270_3	24	337	72	3.681	0.786	18.531
21556	FHA_17_001270_7	1	29	25	0.16	0.138	0.77
21556	FHA_17_001270_7	2	0	12	-1	1	4.899
21556	FHA_17_001270_7	3	4	13	-0.692	0.692	3.087
21556	FHA_17_001270_7	4	18.5	13	0.423	0.297	1.386
21556	FHA_17_001270_7	5	55.5	32	0.734	0.423	3.553
21556	FHA_17_001270_7	6	130	103	0.262	0.208	2.502
21556	FHA_17_001270_7	7	518	248	1.089	0.521	13.796
21556	FHA_17_001270_7	8	1139	479	1.378	0.579	23.204
21556	FHA_17_001270_7	9	1037	555	0.868	0.465	17.084
21556	FHA_17_001270_7	10	753.5	438	0.72	0.419	12.926
21556	FHA_17_001270_7	11	770	425	0.812	0.448	14.114
21556	FHA_17_001270_7	12	752	457	0.646	0.392	11.998
21556	FHA_17_001270_7	13	740	492	0.504	0.335	9.992
21556	FHA_17_001270_7	14	816	484	0.686	0.407	13.022
21556	FHA_17_001270_7	15	989	560	0.766	0.434	15.415
21556	FHA_17_001270_7	16	1006.5	673	0.496	0.331	11.509
21556	FHA_17_001270_7	17	955.5	719	0.329	0.248	8.173
21556	FHA_17_001270_7	18	859.5	715	0.202	0.168	5.15
21556	FHA_17_001270_7	19	703	534	0.316	0.24	6.795
21556	FHA_17_001270_7	20	608	340	0.788	0.441	12.31
21556	FHA_17_001270_7	21	417.5	235	0.777	0.437	10.104
21556	FHA_17_001270_7	22	316.5	173	0.829	0.453	9.173
21556	FHA_17_001270_7	23	243	115	1.113	0.527	9.567
21556	FHA_17_001270_7	24	171.5	65	1.638	0.621	9.794
23943	FHA_17_001280_1	1	12.5	20	-0.375	0.375	1.861
23943	FHA_17_001280_1	2	8.5	11	-0.227	0.227	0.801
23943	FHA_17_001280_1	3	8	7	0.143	0.125	0.365
23943	FHA_17_001280_1	4	10.5	8	0.312	0.238	0.822
23943	FHA_17_001280_1	5	32.5	20	0.625	0.385	2.44
23943	FHA_17_001280_1	6	84.5	70	0.207	0.172	1.65
23943	FHA_17_001280_1	7	319.5	197	0.622	0.383	7.623
23943	FHA_17_001280_1	8	752.5	535	0.407	0.289	8.572
23943	FHA_17_001280_1	9	706.5	654	0.08	0.074	2.013
23943	FHA_17_001280_1	10	604.5	574	0.053	0.05	1.256
23943	FHA_17_001280_1	11	515	625	-0.176	0.176	4.607
23943	FHA_17_001280_1	12	601	723	-0.169	0.169	4.742
23943	FHA_17_001280_1	13	521.5	735	-0.29	0.29	8.518
23943	FHA_17_001280_1	14	656	678	-0.032	0.032	0.852
23943	FHA_17_001280_1	15	765.5	765	0.001	0.001	0.018
23943	FHA_17_001280_1	16	717.5	966	-0.257	0.257	8.565
23943	FHA_17_001280_1	17	716.5	1072	-0.332	0.332	11.888
23943	FHA_17_001280_1	18	593.5	1014	-0.415	0.415	14.832
23943	FHA_17_001280_1	19	506.5	680	-0.255	0.255	7.123
23943	FHA_17_001280_1	20	460.5	444	0.037	0.036	0.776
23943	FHA_17_001280_1	21	372.5	323	0.153	0.133	2.654
23943	FHA_17_001280_1	22	305	207	0.473	0.321	6.125
23943	FHA_17_001280_1	23	214	112	0.911	0.477	7.989
23943	FHA_17_001280_1	24	164	52	2.154	0.683	10.777
23944	FHA_17_001280_5	1	19	13	0.462	0.316	1.5
23944	FHA_17_001280_5	2	11.5	9	0.278	0.217	0.781
23944	FHA_17_001280_5	3	16	6	1.667	0.625	3.015
23944	FHA_17_001280_5	4	4	12	-0.667	0.667	2.828
23944	FHA_17_001280_5	5	80	24	2.333	0.7	7.766
23944	FHA_17_001280_5	6	134	115	0.165	0.142	1.703
23944	FHA_17_001280_5	7	525.5	362	0.452	0.311	7.762
23944	FHA_17_001280_5	8	1276	877	0.455	0.313	12.161
23944	FHA_17_001280_5	9	1304.5	976	0.337	0.252	9.728
23944	FHA_17_001280_5	10	1082	698	0.55	0.355	12.872
23944	FHA_17_001280_5	11	1156	666	0.736	0.424	16.234
23944	FHA_17_001280_5	12	1103	732	0.507	0.336	12.248
23944	FHA_17_001280_5	13	970	740	0.311	0.237	7.866
23944	FHA_17_001280_5	14	1002	726	0.38	0.275	9.39
23944	FHA_17_001280_5	15	971.5	726	0.338	0.253	8.427
23944	FHA_17_001280_5	16	1055	875	0.206	0.171	5.794
23944	FHA_17_001280_5	17	951	971	-0.021	0.021	0.645
23944	FHA_17_001280_5	18	943.5	929	0.016	0.015	0.474
23944	FHA_17_001280_5	19	861	641	0.343	0.256	8.028
23944	FHA_17_001280_5	20	747	421	0.774	0.436	13.49
23944	FHA_17_001280_5	21	616.5	269	1.292	0.564	16.515
23944	FHA_17_001280_5	22	576.5	170	2.391	0.705	21.041
23944	FHA_17_001280_5	23	436	84	4.19	0.807	21.83
23944	FHA_17_001280_5	24	236	42	4.619	0.822	16.455
282336	FHA_17_001220_1	1	16	244	-0.934	0.934	19.997
282336	FHA_17_001220_1	2	12	185	-0.935	0.935	17.431
282336	FHA_17_001220_1	3	9	208	-0.957	0.957	19.105
282336	FHA_17_001220_1	4	18	361	-0.95	0.95	24.917
282336	FHA_17_001220_1	5	53	698	-0.924	0.924	33.285
282336	FHA_17_001220_1	6	160.5	1312	-0.878	0.878	42.438
282336	FHA_17_001220_1	7	455	1547	-0.706	0.706	34.515
282336	FHA_17_001220_1	8	1321	1747	-0.244	0.244	10.877
282336	FHA_17_001220_1	9	1358	1649	-0.176	0.176	7.505
282336	FHA_17_001220_1	10	1125	1319	-0.147	0.147	5.55
282336	FHA_17_001220_1	11	1172.5	1268	-0.075	0.075	2.734
282336	FHA_17_001220_1	12	1146.5	1329	-0.137	0.137	5.187
282336	FHA_17_001220_1	13	1019	1394	-0.269	0.269	10.796
282336	FHA_17_001220_1	14	1010	1447	-0.302	0.302	12.468
282336	FHA_17_001220_1	15	1088.5	1540	-0.293	0.293	12.454
282336	FHA_17_001220_1	16	1132	1551	-0.27	0.27	11.44
282336	FHA_17_001220_1	17	1127.5	1661	-0.321	0.321	14.288
282336	FHA_17_001220_1	18	1010.5	1652	-0.388	0.388	17.582
282336	FHA_17_001220_1	19	967.5	1400	-0.309	0.309	12.571
282336	FHA_17_001220_1	20	805.5	1147	-0.298	0.298	10.93
282336	FHA_17_001220_1	21	663.5	897	-0.26	0.26	8.359
282336	FHA_17_001220_1	22	551.5	778	-0.291	0.291	8.785
282336	FHA_17_001220_1	23	447	579	-0.228	0.228	5.828
282336	FHA_17_001220_1	24	317	413	-0.232	0.232	5.025
282337	FHA_17_001220_5	1	24	311	-0.923	0.923	22.176
282337	FHA_17_001220_5	2	7.5	224	-0.967	0.967	20.123
282337	FHA_17_001220_5	3	6.5	187	-0.965	0.965	18.351
282337	FHA_17_001220_5	4	4	214	-0.981	0.981	20.114
282337	FHA_17_001220_5	5	55.5	384	-0.855	0.855	22.16
282337	FHA_17_001220_5	6	130	737	-0.824	0.824	29.154
282337	FHA_17_001220_5	7	487	1225	-0.602	0.602	25.224
282337	FHA_17_001220_5	8	1122.5	1562	-0.281	0.281	11.996
282337	FHA_17_001220_5	9	753.5	1443	-0.478	0.478	20.806
282337	FHA_17_001220_5	10	681	1273	-0.465	0.465	18.94
282337	FHA_17_001220_5	11	818.5	1238	-0.339	0.339	13.082
282337	FHA_17_001220_5	12	881	1276	-0.31	0.31	12.028
282337	FHA_17_001220_5	13	713.5	1368	-0.478	0.478	20.288
282337	FHA_17_001220_5	14	728	1455	-0.5	0.5	22.005
282337	FHA_17_001220_5	15	772.5	1653	-0.533	0.533	25.284
282337	FHA_17_001220_5	16	802	1882	-0.574	0.574	29.481
282337	FHA_17_001220_5	17	679.5	1836	-0.63	0.63	32.61
282337	FHA_17_001220_5	18	661	1814	-0.636	0.636	32.776
282337	FHA_17_001220_5	19	732	1542	-0.525	0.525	24.022
282337	FHA_17_001220_5	20	611.5	1107	-0.448	0.448	16.904
282337	FHA_17_001220_5	21	605	874	-0.308	0.308	9.892
282337	FHA_17_001220_5	22	551.5	740	-0.255	0.255	7.418
282337	FHA_17_001220_5	23	496.5	699	-0.29	0.29	8.283
282337	FHA_17_001220_5	24	442	538	-0.178	0.178	4.337
282627	FHA_17_001530_3	1	15	38	-0.605	0.605	4.468
282627	FHA_17_001530_3	2	6.5	20	-0.675	0.675	3.709
282627	FHA_17_001530_3	3	7.5	26	-0.712	0.712	4.52
282627	FHA_17_001530_3	4	8	70	-0.886	0.886	9.928
282627	FHA_17_001530_3	5	24.5	162	-0.849	0.849	14.239
282627	FHA_17_001530_3	6	49	545	-0.91	0.91	28.781
282627	FHA_17_001530_3	7	159.5	1101	-0.855	0.855	37.503
282627	FHA_17_001530_3	8	412.5	1158	-0.644	0.644	26.604
282627	FHA_17_001530_3	9	306	749	-0.591	0.591	19.288
282627	FHA_17_001530_3	10	240.5	503	-0.522	0.522	13.615
282627	FHA_17_001530_3	11	294	450	-0.347	0.347	8.088
282627	FHA_17_001530_3	12	224	480	-0.533	0.533	13.645
282627	FHA_17_001530_3	13	206	508	-0.594	0.594	15.984
282627	FHA_17_001530_3	14	232	462	-0.498	0.498	12.347
282627	FHA_17_001530_3	15	201.5	509	-0.604	0.604	16.315
282627	FHA_17_001530_3	16	222.5	516	-0.569	0.569	15.274
282627	FHA_17_001530_3	17	171.5	481	-0.643	0.643	17.135
282627	FHA_17_001530_3	18	133.5	454	-0.706	0.706	18.7
282627	FHA_17_001530_3	19	103	393	-0.738	0.738	18.415
282627	FHA_17_001530_3	20	110	328	-0.665	0.665	14.731
282627	FHA_17_001530_3	21	55	236	-0.767	0.767	15.005
282627	FHA_17_001530_3	22	34.5	183	-0.811	0.811	14.24
282627	FHA_17_001530_3	23	21.5	130	-0.835	0.835	12.466
282627	FHA_17_001530_3	24	20	98	-0.796	0.796	10.155
282628	FHA_17_001530_7	1	2.5	73	-0.966	0.966	11.474
282628	FHA_17_001530_7	2	4.5	42	-0.893	0.893	7.777
282628	FHA_17_001530_7	3	3.5	21	-0.833	0.833	5
282628	FHA_17_001530_7	4	2	21	-0.905	0.905	5.603
282628	FHA_17_001530_7	5	19	26	-0.269	0.269	1.476
282628	FHA_17_001530_7	6	6.5	65	-0.9	0.9	9.784
282628	FHA_17_001530_7	7	70.5	161	-0.562	0.562	8.412
282628	FHA_17_001530_7	8	284	323	-0.121	0.121	2.239
282628	FHA_17_001530_7	9	195.5	360	-0.457	0.457	9.87
282628	FHA_17_001530_7	10	133	349	-0.619	0.619	13.914
282628	FHA_17_001530_7	11	134	382	-0.649	0.649	15.44
282628	FHA_17_001530_7	12	187	497	-0.624	0.624	16.763
282628	FHA_17_001530_7	13	179.5	563	-0.681	0.681	19.904
282628	FHA_17_001530_7	14	138	554	-0.751	0.751	22.364
282628	FHA_17_001530_7	15	205	785	-0.739	0.739	26.069
282628	FHA_17_001530_7	16	187	1077	-0.826	0.826	35.402
282628	FHA_17_001530_7	17	193.5	1132	-0.829	0.829	36.455
282628	FHA_17_001530_7	18	198	955	-0.793	0.793	31.528
282628	FHA_17_001530_7	19	140.5	630	-0.777	0.777	24.939
282628	FHA_17_001530_7	20	107.5	442	-0.757	0.757	20.18
282628	FHA_17_001530_7	21	75	336	-0.777	0.777	18.207
282628	FHA_17_001530_7	22	76	285	-0.733	0.733	15.556
282628	FHA_17_001530_7	23	65.5	181	-0.638	0.638	10.404
282628	FHA_17_001530_7	24	30.5	153	-0.801	0.801	12.789
286504	FHA_17_001200_5	1	100	268	-0.627	0.627	12.385
286504	FHA_17_001200_5	2	19	167	-0.886	0.886	15.347
286504	FHA_17_001200_5	3	62	137	-0.547	0.547	7.519
286504	FHA_17_001200_5	4	36	170	-0.788	0.788	13.203
286504	FHA_17_001200_5	5	144	331	-0.565	0.565	12.134
286504	FHA_17_001200_5	6	657	609	0.079	0.073	1.908
286504	FHA_17_001200_5	7	949.5	875	0.085	0.078	2.467
286504	FHA_17_001200_5	8	1214	1231	-0.014	0.014	0.486
286504	FHA_17_001200_5	9	1046.5	1282	-0.184	0.184	6.902
286504	FHA_17_001200_5	10	1058.5	1190	-0.111	0.111	3.922
286504	FHA_17_001200_5	11	1108	1210	-0.084	0.084	2.996
286504	FHA_17_001200_5	12	1194	1307	-0.086	0.086	3.195
286504	FHA_17_001200_5	13	1092.5	1361	-0.197	0.197	7.666
286504	FHA_17_001200_5	14	1089	1421	-0.234	0.234	9.372
286504	FHA_17_001200_5	15	1237.5	1515	-0.183	0.183	7.48
286504	FHA_17_001200_5	16	1306.5	1668	-0.217	0.217	9.374
286504	FHA_17_001200_5	17	1246	1699	-0.267	0.267	11.805
286504	FHA_17_001200_5	18	1200.5	1638	-0.267	0.267	11.613
286504	FHA_17_001200_5	19	1125.5	1479	-0.239	0.239	9.796
286504	FHA_17_001200_5	20	1039	1313	-0.209	0.209	7.99
286504	FHA_17_001200_5	21	882	1057	-0.166	0.166	5.62
286504	FHA_17_001200_5	22	925	815	0.135	0.119	3.729
286504	FHA_17_001200_5	23	863	693	0.245	0.197	6.095
286504	FHA_17_001200_5	24	837.5	487	0.72	0.419	13.62
286505	FHA_17_001200_1	1	46.5	227	-0.795	0.795	15.435
286505	FHA_17_001200_1	2	13	136	-0.904	0.904	14.25
286505	FHA_17_001200_1	3	41	151	-0.728	0.728	11.227
286505	FHA_17_001200_1	4	40.5	269	-0.849	0.849	18.368
286505	FHA_17_001200_1	5	301.5	460	-0.345	0.345	8.123
286505	FHA_17_001200_1	6	798.5	939	-0.15	0.15	4.767
286505	FHA_17_001200_1	7	1234.5	1460	-0.154	0.154	6.144
286505	FHA_17_001200_1	8	1407	1545	-0.089	0.089	3.592
286505	FHA_17_001200_1	9	1340	1543	-0.132	0.132	5.347
286505	FHA_17_001200_1	10	1343	1315	0.021	0.021	0.768
286505	FHA_17_001200_1	11	1340	1292	0.037	0.036	1.323
286505	FHA_17_001200_1	12	1301	1336	-0.026	0.026	0.964
286505	FHA_17_001200_1	13	1302	1420	-0.083	0.083	3.199
286505	FHA_17_001200_1	14	1299.5	1440	-0.098	0.098	3.796
286505	FHA_17_001200_1	15	1230	1479	-0.168	0.168	6.766
286505	FHA_17_001200_1	16	1138	1569	-0.275	0.275	11.715
286505	FHA_17_001200_1	17	1207.5	1617	-0.253	0.253	10.897
286505	FHA_17_001200_1	18	1202	1587	-0.243	0.243	10.31
286505	FHA_17_001200_1	19	1051	1566	-0.329	0.329	14.237
286505	FHA_17_001200_1	20	1030	1177	-0.125	0.125	4.425
286505	FHA_17_001200_1	21	838	911	-0.08	0.08	2.469
286505	FHA_17_001200_1	22	670.5	745	-0.1	0.1	2.8
286505	FHA_17_001200_1	23	588	590	-0.003	0.003	0.082
286505	FHA_17_001200_1	24	520.5	360	0.446	0.308	7.649
321196	FHA_17_001310_5	1	11	101	-0.891	0.891	12.027
321196	FHA_17_001310_5	2	5.5	62	-0.911	0.911	9.725
321196	FHA_17_001310_5	3	9	39	-0.769	0.769	6.124
321196	FHA_17_001310_5	4	7	42	-0.833	0.833	7.071
321196	FHA_17_001310_5	5	8.5	98	-0.913	0.913	12.265
321196	FHA_17_001310_5	6	12	241	-0.95	0.95	20.361
321196	FHA_17_001310_5	7	44	499	-0.912	0.912	27.614
321196	FHA_17_001310_5	8	210	683	-0.693	0.693	22.385
321196	FHA_17_001310_5	9	284	723	-0.607	0.607	19.564
321196	FHA_17_001310_5	10	266	643	-0.586	0.586	17.684
321196	FHA_17_001310_5	11	242.5	656	-0.63	0.63	19.509
321196	FHA_17_001310_5	12	209	751	-0.722	0.722	24.739
321196	FHA_17_001310_5	13	273	821	-0.667	0.667	23.431
321196	FHA_17_001310_5	14	366.5	855	-0.571	0.571	19.767
321196	FHA_17_001310_5	15	512	1006	-0.491	0.491	17.931
321196	FHA_17_001310_5	16	488	1157	-0.578	0.578	23.327
321196	FHA_17_001310_5	17	393	1313	-0.701	0.701	31.5
321196	FHA_17_001310_5	18	279.5	1386	-0.798	0.798	38.344
321196	FHA_17_001310_5	19	276.5	1132	-0.756	0.756	32.237
321196	FHA_17_001310_5	20	221.5	763	-0.71	0.71	24.407
321196	FHA_17_001310_5	21	205	578	-0.645	0.645	18.851
321196	FHA_17_001310_5	22	163.5	475	-0.656	0.656	17.434
321196	FHA_17_001310_5	23	148.5	356	-0.583	0.583	13.065
321196	FHA_17_001310_5	24	91	214	-0.575	0.575	9.96
333300	FHA_17_001340_5	1	97	261	-0.628	0.628	12.258
333300	FHA_17_001340_5	2	28.5	154	-0.815	0.815	13.138
333300	FHA_17_001340_5	3	44.5	119	-0.626	0.626	8.24
333300	FHA_17_001340_5	4	56	131	-0.573	0.573	7.756
333300	FHA_17_001340_5	5	100.5	247	-0.593	0.593	11.114
333300	FHA_17_001340_5	6	438.5	588	-0.254	0.254	6.599
333300	FHA_17_001340_5	7	1122.5	1240	-0.095	0.095	3.419
333300	FHA_17_001340_5	8	2091.5	2026	0.032	0.031	1.444
333300	FHA_17_001340_5	9	2364	1944	0.216	0.178	9.05
333300	FHA_17_001340_5	10	2286.5	1679	0.362	0.266	13.643
333300	FHA_17_001340_5	11	2482.5	1692	0.467	0.318	17.303
333300	FHA_17_001340_5	12	2589	1949	0.328	0.247	13.436
333300	FHA_17_001340_5	13	2677.5	2105	0.272	0.214	11.707
333300	FHA_17_001340_5	14	2758	2304	0.197	0.165	9.024
333300	FHA_17_001340_5	15	2983	2829	0.054	0.052	2.857
333300	FHA_17_001340_5	16	3210	3394	-0.054	0.054	3.202
333300	FHA_17_001340_5	17	3052.5	3666	-0.167	0.167	10.585
333300	FHA_17_001340_5	18	3059.5	3543	-0.136	0.136	8.415
333300	FHA_17_001340_5	19	2669	2799	-0.046	0.046	2.486
333300	FHA_17_001340_5	20	2389	2073	0.152	0.132	6.69
333300	FHA_17_001340_5	21	2059	1662	0.239	0.193	9.204
333300	FHA_17_001340_5	22	1898	1261	0.505	0.336	16.028
333300	FHA_17_001340_5	23	1652	850	0.944	0.485	22.675
333300	FHA_17_001340_5	24	1428.5	554	1.579	0.612	27.776
340597	FHA_17_001210_7	1	0	1	-1	1	1.414
340597	FHA_17_001210_7	2	3	0	1000	1	2.449
340597	FHA_17_001210_7	3	0	0	0	0	NaN
340597	FHA_17_001210_7	4	0	1	-1	1	1.414
340597	FHA_17_001210_7	5	4	3	0.333	0.25	0.535
340597	FHA_17_001210_7	6	4	6	-0.333	0.333	0.894
340597	FHA_17_001210_7	7	21.5	23	-0.065	0.065	0.318
340597	FHA_17_001210_7	8	55.5	90	-0.383	0.383	4.045
340597	FHA_17_001210_7	9	59	95	-0.379	0.379	4.103
340597	FHA_17_001210_7	10	59	71	-0.169	0.169	1.488
340597	FHA_17_001210_7	11	74.5	69	0.08	0.074	0.649
340597	FHA_17_001210_7	12	75	80	-0.062	0.062	0.568
340597	FHA_17_001210_7	13	59.5	81	-0.265	0.265	2.565
340597	FHA_17_001210_7	14	66	80	-0.175	0.175	1.639
340597	FHA_17_001210_7	15	115	94	0.223	0.183	2.054
340597	FHA_17_001210_7	16	109	193	-0.435	0.435	6.836
340597	FHA_17_001210_7	17	75	127	-0.409	0.409	5.174
340597	FHA_17_001210_7	18	57.5	125	-0.54	0.54	7.066
340597	FHA_17_001210_7	19	53	96	-0.448	0.448	4.982
340597	FHA_17_001210_7	20	30.5	73	-0.582	0.582	5.908
340597	FHA_17_001210_7	21	24.5	51	-0.52	0.52	4.313
340597	FHA_17_001210_7	22	21.5	28	-0.232	0.232	1.307
340597	FHA_17_001210_7	23	14	10	0.4	0.286	1.155
340597	FHA_17_001210_7	24	7	5	0.4	0.286	0.816
340598	FHA_17_001210_3	1	0	1	-1	1	1.414
340598	FHA_17_001210_3	2	0	1	-1	1	1.414
340598	FHA_17_001210_3	3	3	1	2	0.667	1.414
340598	FHA_17_001210_3	4	2	1	1	0.5	0.816
340598	FHA_17_001210_3	5	6.5	4	0.625	0.385	1.091
340598	FHA_17_001210_3	6	18.5	14	0.321	0.243	1.116
340598	FHA_17_001210_3	7	49	53	-0.075	0.075	0.56
340598	FHA_17_001210_3	8	137	178	-0.23	0.23	3.267
340598	FHA_17_001210_3	9	137.5	83	0.657	0.396	5.19
340598	FHA_17_001210_3	10	83.5	68	0.228	0.186	1.781
340598	FHA_17_001210_3	11	93	59	0.576	0.366	3.9
340598	FHA_17_001210_3	12	81	71	0.141	0.123	1.147
340598	FHA_17_001210_3	13	83	78	0.064	0.06	0.557
340598	FHA_17_001210_3	14	46.5	66	-0.295	0.295	2.6
340598	FHA_17_001210_3	15	76	85	-0.106	0.106	1.003
340598	FHA_17_001210_3	16	76.5	109	-0.298	0.298	3.375
340598	FHA_17_001210_3	17	67	111	-0.396	0.396	4.664
340598	FHA_17_001210_3	18	70	137	-0.489	0.489	6.586
340598	FHA_17_001210_3	19	57.5	119	-0.517	0.517	6.547
340598	FHA_17_001210_3	20	46	66	-0.303	0.303	2.673
340598	FHA_17_001210_3	21	30	37	-0.189	0.189	1.209
340598	FHA_17_001210_3	22	22	25	-0.12	0.12	0.619
340598	FHA_17_001210_3	23	16.5	14	0.179	0.152	0.64
340598	FHA_17_001210_3	24	9	7	0.286	0.222	0.707
343082	FHA_17_001340_1	1	88.5	160	-0.447	0.447	6.414
343082	FHA_17_001340_1	2	21.5	105	-0.795	0.795	10.499
343082	FHA_17_001340_1	3	48.5	131	-0.63	0.63	8.708
343082	FHA_17_001340_1	4	57	221	-0.742	0.742	13.91
343082	FHA_17_001340_1	5	311.5	564	-0.448	0.448	12.068
343082	FHA_17_001340_1	6	1143.5	1492	-0.234	0.234	9.6
343082	FHA_17_001340_1	7	2655	2582	0.028	0.027	1.427
343082	FHA_17_001340_1	8	4472.5	3631	0.232	0.188	13.22
343082	FHA_17_001340_1	9	4411.5	3496	0.262	0.208	14.56
343082	FHA_17_001340_1	10	4131.5	2660	0.553	0.356	25.252
343082	FHA_17_001340_1	11	4173.5	2184	0.911	0.477	35.287
343082	FHA_17_001340_1	12	4240	2189	0.937	0.484	36.175
343082	FHA_17_001340_1	13	4096.5	2092	0.958	0.489	36.035
343082	FHA_17_001340_1	14	4042.5	2130	0.898	0.473	34.426
343082	FHA_17_001340_1	15	4036	2294	0.759	0.432	30.964
343082	FHA_17_001340_1	16	4045	2605	0.553	0.356	24.973
343082	FHA_17_001340_1	17	3941.5	2682	0.47	0.32	21.886
343082	FHA_17_001340_1	18	3747.5	2632	0.424	0.298	19.751
343082	FHA_17_001340_1	19	3282.5	2188	0.5	0.333	20.927
343082	FHA_17_001340_1	20	2756.5	1484	0.857	0.462	27.635
343082	FHA_17_001340_1	21	2104	1027	1.049	0.512	27.22
343082	FHA_17_001340_1	22	1519	776	0.957	0.489	21.934
343082	FHA_17_001340_1	23	1179.5	516	1.286	0.563	22.788
343082	FHA_17_001340_1	24	883.5	319	1.77	0.639	23.022
374298	FHA_17_001125-p2_5	1	903	1773	-0.491	0.491	23.784
374298	FHA_17_001125-p2_5	2	363	1154	-0.685	0.685	28.721
374298	FHA_17_001125-p2_5	3	686.5	920	-0.254	0.254	8.239
374298	FHA_17_001125-p2_5	4	585	920	-0.364	0.364	12.212
374298	FHA_17_001125-p2_5	5	673.5	1330	-0.494	0.494	20.742
374298	FHA_17_001125-p2_5	6	1583.5	2429	-0.348	0.348	18.876
374298	FHA_17_001125-p2_5	7	2009	3857	-0.479	0.479	34.123
374298	FHA_17_001125-p2_5	8	2205.5	4887	-0.549	0.549	45.029
374298	FHA_17_001125-p2_5	9	1839.5	4578	-0.598	0.598	48.344
374298	FHA_17_001125-p2_5	10	1895.5	4343	-0.564	0.564	43.823
374298	FHA_17_001125-p2_5	11	2032.5	4506	-0.549	0.549	43.26
374298	FHA_17_001125-p2_5	12	2040.5	4674	-0.563	0.563	45.451
374298	FHA_17_001125-p2_5	13	1996	5124	-0.61	0.61	52.425
374298	FHA_17_001125-p2_5	14	1893.5	5702	-0.668	0.668	61.8
374298	FHA_17_001125-p2_5	15	1816.5	5543	-0.672	0.672	61.432
374298	FHA_17_001125-p2_5	16	1685.5	4901	-0.656	0.656	56.032
374298	FHA_17_001125-p2_5	17	1647	4688	-0.649	0.649	54.033
374298	FHA_17_001125-p2_5	18	1645.5	4947	-0.667	0.667	57.504
374298	FHA_17_001125-p2_5	19	1631	5046	-0.677	0.677	59.104
374298	FHA_17_001125-p2_5	20	1642.5	4633	-0.645	0.645	53.387
374298	FHA_17_001125-p2_5	21	1626	4410	-0.631	0.631	50.677
374298	FHA_17_001125-p2_5	22	1615.5	3844	-0.58	0.58	42.653
374298	FHA_17_001125-p2_5	23	1567.5	3809	-0.588	0.588	43.232
374298	FHA_17_001125-p2_5	24	1564	3441	-0.545	0.545	37.521
374509	FHA_17_001310_1	1	4.5	75	-0.94	0.94	11.182
374509	FHA_17_001310_1	2	8.5	48	-0.823	0.823	7.432
374509	FHA_17_001310_1	3	19	46	-0.587	0.587	4.736
374509	FHA_17_001310_1	4	12	64	-0.812	0.812	8.436
374509	FHA_17_001310_1	5	58.5	165	-0.645	0.645	10.075
374509	FHA_17_001310_1	6	122	486	-0.749	0.749	20.877
374509	FHA_17_001310_1	7	411.5	938	-0.561	0.561	20.269
374509	FHA_17_001310_1	8	1064.5	1343	-0.207	0.207	8.027
374509	FHA_17_001310_1	9	837.5	1227	-0.317	0.317	12.123
374509	FHA_17_001310_1	10	702	932	-0.247	0.247	8.047
374509	FHA_17_001310_1	11	605.5	789	-0.233	0.233	6.949
374509	FHA_17_001310_1	12	398.5	772	-0.484	0.484	15.439
374509	FHA_17_001310_1	13	359.5	816	-0.559	0.559	18.83
374509	FHA_17_001310_1	14	323.5	858	-0.623	0.623	21.991
374509	FHA_17_001310_1	15	287	967	-0.703	0.703	27.157
374509	FHA_17_001310_1	16	386.5	1059	-0.635	0.635	25.015
374509	FHA_17_001310_1	17	339	1136	-0.702	0.702	29.348
374509	FHA_17_001310_1	18	270	1062	-0.746	0.746	30.689
374509	FHA_17_001310_1	19	229.5	845	-0.728	0.728	26.555
374509	FHA_17_001310_1	20	140	576	-0.757	0.757	23.043
374509	FHA_17_001310_1	21	69	421	-0.836	0.836	22.488
374509	FHA_17_001310_1	22	59.5	331	-0.82	0.82	19.43
374509	FHA_17_001310_1	23	40	229	-0.825	0.825	16.297
374509	FHA_17_001310_1	24	38	144	-0.736	0.736	11.112
418915	FHA_17_001330_7	1	32.5	127	-0.744	0.744	10.582
418915	FHA_17_001330_7	2	7.5	61	-0.877	0.877	9.142
418915	FHA_17_001330_7	3	24	40	-0.4	0.4	2.828
418915	FHA_17_001330_7	4	18	47	-0.617	0.617	5.087
418915	FHA_17_001330_7	5	67.5	107	-0.369	0.369	4.229
418915	FHA_17_001330_7	6	166	326	-0.491	0.491	10.201
418915	FHA_17_001330_7	7	541.5	748	-0.276	0.276	8.133
418915	FHA_17_001330_7	8	1118	1310	-0.147	0.147	5.511
418915	FHA_17_001330_7	9	1358.5	1381	-0.016	0.016	0.608
418915	FHA_17_001330_7	10	1159.5	1100	0.054	0.051	1.77
418915	FHA_17_001330_7	11	1288.5	1052	0.225	0.184	6.913
418915	FHA_17_001330_7	12	1188	1179	0.008	0.008	0.262
418915	FHA_17_001330_7	13	1352	1268	0.066	0.062	2.321
418915	FHA_17_001330_7	14	1434	1278	0.122	0.109	4.236
418915	FHA_17_001330_7	15	1764	1359	0.298	0.23	10.249
418915	FHA_17_001330_7	16	1902.5	1691	0.125	0.111	4.99
418915	FHA_17_001330_7	17	1761.5	1708	0.031	0.03	1.285
418915	FHA_17_001330_7	18	1575	1656	-0.049	0.049	2.015
418915	FHA_17_001330_7	19	1210.5	1354	-0.106	0.106	4.007
418915	FHA_17_001330_7	20	962.5	1015	-0.052	0.052	1.67
418915	FHA_17_001330_7	21	853.5	839	0.017	0.017	0.498
418915	FHA_17_001330_7	22	724.5	655	0.106	0.096	2.646
418915	FHA_17_001330_7	23	555	477	0.164	0.141	3.434
418915	FHA_17_001330_7	24	436.5	286	0.526	0.345	7.918
418916	FHA_17_001330_3	1	15	92	-0.837	0.837	10.527
418916	FHA_17_001330_3	2	10	59	-0.831	0.831	8.342
418916	FHA_17_001330_3	3	22	38	-0.421	0.421	2.921
418916	FHA_17_001330_3	4	14.5	47	-0.691	0.691	5.861
418916	FHA_17_001330_3	5	90.5	109	-0.17	0.17	1.852
418916	FHA_17_001330_3	6	310	365	-0.151	0.151	2.994
418916	FHA_17_001330_3	7	1135.5	860	0.32	0.243	8.722
418916	FHA_17_001330_3	8	2400.5	1506	0.594	0.373	20.24
418916	FHA_17_001330_3	9	2661.5	1442	0.846	0.458	26.923
418916	FHA_17_001330_3	10	2309.5	1174	0.967	0.492	27.208
418916	FHA_17_001330_3	11	2077.5	1104	0.882	0.469	24.408
418916	FHA_17_001330_3	12	2108	1167	0.806	0.446	23.254
418916	FHA_17_001330_3	13	1960.5	1253	0.565	0.361	17.65
418916	FHA_17_001330_3	14	1783	1203	0.482	0.325	15.011
418916	FHA_17_001330_3	15	1782.5	1304	0.367	0.268	12.18
418916	FHA_17_001330_3	16	1862	1404	0.326	0.246	11.334
418916	FHA_17_001330_3	17	1690.5	1513	0.117	0.105	4.435
418916	FHA_17_001330_3	18	1661.5	1460	0.138	0.121	5.1
418916	FHA_17_001330_3	19	1344.5	1222	0.1	0.091	3.42
418916	FHA_17_001330_3	20	1095.5	936	0.17	0.146	5.005
418916	FHA_17_001330_3	21	825	723	0.141	0.124	3.666
418916	FHA_17_001330_3	22	614	570	0.077	0.072	1.808
418916	FHA_17_001330_3	23	438.5	363	0.208	0.172	3.771
418916	FHA_17_001330_3	24	343.5	220	0.561	0.36	7.358
430021	FHA_17_001050_5	1	169	127	0.331	0.249	3.452
430021	FHA_17_001050_5	2	46	77	-0.403	0.403	3.953
430021	FHA_17_001050_5	3	120.5	64	0.883	0.469	5.883
430021	FHA_17_001050_5	4	109.5	130	-0.158	0.158	1.873
430021	FHA_17_001050_5	5	255	323	-0.211	0.211	4
430021	FHA_17_001050_5	6	1248	789	0.582	0.368	14.382
430021	FHA_17_001050_5	7	1921.5	1219	0.576	0.366	17.728
430021	FHA_17_001050_5	8	2608	1499	0.74	0.425	24.473
430021	FHA_17_001050_5	9	2374.5	1340	0.772	0.436	24.005
430021	FHA_17_001050_5	10	2459	1046	1.351	0.575	33.753
430021	FHA_17_001050_5	11	2533	962	1.633	0.62	37.581
430021	FHA_17_001050_5	12	2673.5	1029	1.598	0.615	38.221
430021	FHA_17_001050_5	13	2501	1152	1.171	0.539	31.565
430021	FHA_17_001050_5	14	2523	1218	1.071	0.517	30.174
430021	FHA_17_001050_5	15	2644.5	1320	1.003	0.501	29.749
430021	FHA_17_001050_5	16	2601.5	1625	0.601	0.375	21.242
430021	FHA_17_001050_5	17	2296	1748	0.314	0.239	12.187
430021	FHA_17_001050_5	18	2160	1766	0.223	0.182	8.893
430021	FHA_17_001050_5	19	1964.5	1469	0.337	0.252	11.959
430021	FHA_17_001050_5	20	1751.5	1054	0.662	0.398	18.623
430021	FHA_17_001050_5	21	1547	833	0.857	0.462	20.698
430021	FHA_17_001050_5	22	1585	684	1.317	0.568	26.75
430021	FHA_17_001050_5	23	1355	436	2.108	0.678	30.71
430021	FHA_17_001050_5	24	1294	272	3.757	0.79	36.523
430023	FHA_17_001050_1	1	96.5	129	-0.252	0.252	3.061
430023	FHA_17_001050_1	2	24	78	-0.692	0.692	7.562
430023	FHA_17_001050_1	3	94	69	0.362	0.266	2.769
430023	FHA_17_001050_1	4	84.5	93	-0.091	0.091	0.902
430023	FHA_17_001050_1	5	450	231	0.948	0.487	11.868
430023	FHA_17_001050_1	6	959	582	0.648	0.393	13.582
430023	FHA_17_001050_1	7	1594.5	1209	0.319	0.242	10.296
430023	FHA_17_001050_1	8	2705	1662	0.628	0.386	22.321
430023	FHA_17_001050_1	9	2612	1536	0.701	0.412	23.627
430023	FHA_17_001050_1	10	2268.5	1203	0.886	0.47	25.575
430023	FHA_17_001050_1	11	2397.5	1091	1.198	0.545	31.283
430023	FHA_17_001050_1	12	2462	1151	1.139	0.532	30.845
430023	FHA_17_001050_1	13	2171.5	1194	0.819	0.45	23.829
430023	FHA_17_001050_1	14	2271	1212	0.874	0.466	25.377
430023	FHA_17_001050_1	15	2387.5	1493	0.599	0.375	20.307
430023	FHA_17_001050_1	16	2741	1702	0.61	0.379	22.044
430023	FHA_17_001050_1	17	2467	1842	0.339	0.253	13.465
430023	FHA_17_001050_1	18	2397.5	1827	0.312	0.238	12.413
430023	FHA_17_001050_1	19	2177.5	1408	0.547	0.353	18.174
430023	FHA_17_001050_1	20	1680	949	0.77	0.435	20.162
430023	FHA_17_001050_1	21	1448.5	696	1.081	0.52	22.98
430023	FHA_17_001050_1	22	1362	538	1.532	0.605	26.734
430023	FHA_17_001050_1	23	1067.5	422	1.53	0.605	23.653
430023	FHA_17_001050_1	24	891	245	2.637	0.725	27.106
445117	FHA_17_001350_1	1	12	32	-0.625	0.625	4.264
445117	FHA_17_001350_1	2	15	21	-0.286	0.286	1.414
445117	FHA_17_001350_1	3	5	27	-0.815	0.815	5.5
445117	FHA_17_001350_1	4	10	51	-0.804	0.804	7.424
445117	FHA_17_001350_1	5	66.5	141	-0.528	0.528	7.314
445117	FHA_17_001350_1	6	219.5	426	-0.485	0.485	11.494
445117	FHA_17_001350_1	7	438	502	-0.127	0.127	2.952
445117	FHA_17_001350_1	8	467	744	-0.372	0.372	11.257
445117	FHA_17_001350_1	9	385.5	712	-0.459	0.459	13.938
445117	FHA_17_001350_1	10	409.5	459	-0.108	0.108	2.375
445117	FHA_17_001350_1	11	407	371	0.097	0.088	1.825
445117	FHA_17_001350_1	12	375.5	410	-0.084	0.084	1.741
445117	FHA_17_001350_1	13	442	466	-0.052	0.052	1.126
445117	FHA_17_001350_1	14	431	480	-0.102	0.102	2.296
445117	FHA_17_001350_1	15	443	509	-0.13	0.13	3.025
445117	FHA_17_001350_1	16	473	489	-0.033	0.033	0.73
445117	FHA_17_001350_1	17	445.5	544	-0.181	0.181	4.428
445117	FHA_17_001350_1	18	415	452	-0.082	0.082	1.777
445117	FHA_17_001350_1	19	361.5	278	0.3	0.231	4.67
445117	FHA_17_001350_1	20	332.5	172	0.933	0.483	10.106
445117	FHA_17_001350_1	21	255.5	123	1.077	0.519	9.632
445117	FHA_17_001350_1	22	224.5	107	1.098	0.523	9.127
445117	FHA_17_001350_1	23	175	84	1.083	0.52	7.997
445117	FHA_17_001350_1	24	139.5	58	1.405	0.584	8.201
445118	FHA_17_001350_5	1	28	32	-0.125	0.125	0.73
445118	FHA_17_001350_5	2	17.5	28	-0.375	0.375	2.201
445118	FHA_17_001350_5	3	23.5	26	-0.096	0.096	0.503
445118	FHA_17_001350_5	4	24	36	-0.333	0.333	2.191
445118	FHA_17_001350_5	5	28.5	77	-0.63	0.63	6.678
445118	FHA_17_001350_5	6	51	194	-0.737	0.737	12.92
445118	FHA_17_001350_5	7	179.5	288	-0.377	0.377	7.097
445118	FHA_17_001350_5	8	687	447	0.537	0.349	10.079
445118	FHA_17_001350_5	9	636.5	444	0.434	0.302	8.282
445118	FHA_17_001350_5	10	541.5	331	0.636	0.389	10.078
445118	FHA_17_001350_5	11	570	345	0.652	0.395	10.519
445118	FHA_17_001350_5	12	592	410	0.444	0.307	8.131
445118	FHA_17_001350_5	13	595	476	0.25	0.2	5.142
445118	FHA_17_001350_5	14	672.5	487	0.381	0.276	7.704
445118	FHA_17_001350_5	15	636.5	681	-0.065	0.065	1.734
445118	FHA_17_001350_5	16	617	810	-0.238	0.238	7.225
445118	FHA_17_001350_5	17	689.5	1028	-0.329	0.329	11.551
445118	FHA_17_001350_5	18	622	787	-0.21	0.21	6.216
445118	FHA_17_001350_5	19	616.5	342	0.803	0.445	12.539
445118	FHA_17_001350_5	20	508.5	187	1.719	0.632	17.24
445118	FHA_17_001350_5	21	438	122	2.59	0.721	18.885
445118	FHA_17_001350_5	22	371	99	2.747	0.733	17.743
445118	FHA_17_001350_5	23	311.5	79	2.943	0.746	16.639
445118	FHA_17_001350_5	24	297	68	3.368	0.771	16.951
487320	FHA_17_001320_3	1	63	101	-0.376	0.376	4.196
487320	FHA_17_001320_3	2	14	78	-0.821	0.821	9.436
487320	FHA_17_001320_3	3	89	73	0.219	0.18	1.778
487320	FHA_17_001320_3	4	103	122	-0.156	0.156	1.791
487320	FHA_17_001320_3	5	496.5	263	0.888	0.47	11.982
487320	FHA_17_001320_3	6	685	675	0.015	0.015	0.383
487320	FHA_17_001320_3	7	907.5	1260	-0.28	0.28	10.708
487320	FHA_17_001320_3	8	1297	1660	-0.219	0.219	9.441
487320	FHA_17_001320_3	9	1090.5	1449	-0.247	0.247	10.061
487320	FHA_17_001320_3	10	936	1051	-0.109	0.109	3.648
487320	FHA_17_001320_3	11	970.5	931	0.042	0.041	1.281
487320	FHA_17_001320_3	12	859.5	963	-0.107	0.107	3.429
487320	FHA_17_001320_3	13	796.5	995	-0.199	0.199	6.632
487320	FHA_17_001320_3	14	837.5	1049	-0.202	0.202	6.886
487320	FHA_17_001320_3	15	878.5	1271	-0.309	0.309	11.973
487320	FHA_17_001320_3	16	810.5	1402	-0.422	0.422	17.784
487320	FHA_17_001320_3	17	753.5	1421	-0.47	0.47	20.244
487320	FHA_17_001320_3	18	778.5	1340	-0.419	0.419	17.252
487320	FHA_17_001320_3	19	755	1006	-0.25	0.25	8.459
487320	FHA_17_001320_3	20	664.5	738	-0.1	0.1	2.776
487320	FHA_17_001320_3	21	639	563	0.135	0.119	3.1
487320	FHA_17_001320_3	22	578.5	460	0.258	0.205	5.2
487320	FHA_17_001320_3	23	488.5	369	0.324	0.245	5.771
487320	FHA_17_001320_3	24	402.5	249	0.616	0.381	8.505
487733	FHA_17_001260_7	1	35	187	-0.813	0.813	14.427
487733	FHA_17_001260_7	2	20	108	-0.815	0.815	11
487733	FHA_17_001260_7	3	16	70	-0.771	0.771	8.235
487733	FHA_17_001260_7	4	13.5	66	-0.795	0.795	8.327
487733	FHA_17_001260_7	5	39.5	121	-0.674	0.674	9.098
487733	FHA_17_001260_7	6	93.5	360	-0.74	0.74	17.698
487733	FHA_17_001260_7	7	519	809	-0.358	0.358	11.254
487733	FHA_17_001260_7	8	2018	1002	1.014	0.503	26.146
487733	FHA_17_001260_7	9	2087.5	1066	0.958	0.489	25.725
487733	FHA_17_001260_7	10	1264	1010	0.251	0.201	7.533
487733	FHA_17_001260_7	11	1266	993	0.275	0.216	8.123
487733	FHA_17_001260_7	12	1092	1059	0.031	0.03	1.006
487733	FHA_17_001260_7	13	1101.5	1109	-0.007	0.007	0.226
487733	FHA_17_001260_7	14	1027.5	1150	-0.107	0.107	3.713
487733	FHA_17_001260_7	15	1097.5	1210	-0.093	0.093	3.312
487733	FHA_17_001260_7	16	1395	1309	0.066	0.062	2.339
487733	FHA_17_001260_7	17	1207.5	1267	-0.047	0.047	1.692
487733	FHA_17_001260_7	18	1077	1218	-0.116	0.116	4.162
487733	FHA_17_001260_7	19	824	1214	-0.321	0.321	12.217
487733	FHA_17_001260_7	20	603	987	-0.389	0.389	13.619
487733	FHA_17_001260_7	21	427.5	817	-0.477	0.477	15.614
487733	FHA_17_001260_7	22	337.5	675	-0.5	0.5	15
487733	FHA_17_001260_7	23	281	530	-0.47	0.47	12.365
487733	FHA_17_001260_7	24	209	338	-0.382	0.382	7.8
496973	FHA_17_001320_7	1	179	112	0.598	0.374	5.554
496973	FHA_17_001320_7	2	44	78	-0.436	0.436	4.353
496973	FHA_17_001320_7	3	53	77	-0.312	0.312	2.977
496973	FHA_17_001320_7	4	118.5	123	-0.037	0.037	0.41
496973	FHA_17_001320_7	5	153	315	-0.514	0.514	10.59
496973	FHA_17_001320_7	6	824	647	0.274	0.215	6.527
496973	FHA_17_001320_7	7	1359.5	979	0.389	0.28	11.128
496973	FHA_17_001320_7	8	1743.5	1307	0.334	0.25	11.177
496973	FHA_17_001320_7	9	1627.5	1256	0.296	0.228	9.784
496973	FHA_17_001320_7	10	1362.5	1141	0.194	0.163	6.261
496973	FHA_17_001320_7	11	1139	1074	0.061	0.057	1.954
496973	FHA_17_001320_7	12	882.5	1134	-0.222	0.222	7.921
496973	FHA_17_001320_7	13	850	1146	-0.258	0.258	9.37
496973	FHA_17_001320_7	14	881.5	1253	-0.296	0.296	11.372
496973	FHA_17_001320_7	15	907.5	1484	-0.388	0.388	16.672
496973	FHA_17_001320_7	16	950	1763	-0.461	0.461	22.074
496973	FHA_17_001320_7	17	893.5	1996	-0.552	0.552	29.006
496973	FHA_17_001320_7	18	802.5	1823	-0.56	0.56	28.166
496973	FHA_17_001320_7	19	793	1299	-0.39	0.39	15.645
496973	FHA_17_001320_7	20	749.5	877	-0.145	0.145	4.471
496973	FHA_17_001320_7	21	708.5	675	0.05	0.047	1.274
496973	FHA_17_001320_7	22	644	539	0.195	0.163	4.317
496973	FHA_17_001320_7	23	591.5	358	0.652	0.395	10.717
496973	FHA_17_001320_7	24	467	236	0.979	0.495	12.321
539721	FHA_17_001180_7	1	15	226	-0.934	0.934	19.222
539721	FHA_17_001180_7	2	12.5	148	-0.916	0.916	15.126
539721	FHA_17_001180_7	3	15	117	-0.872	0.872	12.555
539721	FHA_17_001180_7	4	47	132	-0.644	0.644	8.985
539721	FHA_17_001180_7	5	162	220	-0.264	0.264	4.197
539721	FHA_17_001180_7	6	336	508	-0.339	0.339	8.373
539721	FHA_17_001180_7	7	693	707	-0.02	0.02	0.529
539721	FHA_17_001180_7	8	1038	979	0.06	0.057	1.858
539721	FHA_17_001180_7	9	1030	1077	-0.044	0.044	1.448
539721	FHA_17_001180_7	10	911	876	0.04	0.038	1.171
539721	FHA_17_001180_7	11	982.5	818	0.201	0.167	5.483
539721	FHA_17_001180_7	12	878.5	884	-0.006	0.006	0.185
539721	FHA_17_001180_7	13	719	962	-0.253	0.253	8.382
539721	FHA_17_001180_7	14	821	1006	-0.184	0.184	6.121
539721	FHA_17_001180_7	15	814.5	1107	-0.264	0.264	9.437
539721	FHA_17_001180_7	16	967.5	1095	-0.116	0.116	3.97
539721	FHA_17_001180_7	17	796.5	1070	-0.256	0.256	8.953
539721	FHA_17_001180_7	18	800	1082	-0.261	0.261	9.193
539721	FHA_17_001180_7	19	613.5	972	-0.369	0.369	12.733
539721	FHA_17_001180_7	20	483.5	819	-0.41	0.41	13.147
539721	FHA_17_001180_7	21	346.5	659	-0.474	0.474	13.937
539721	FHA_17_001180_7	22	312	562	-0.445	0.445	11.959
539721	FHA_17_001180_7	23	247	479	-0.484	0.484	12.177
539721	FHA_17_001180_7	24	161	350	-0.54	0.54	11.824
539722	FHA_17_001180_3	1	46	248	-0.815	0.815	16.661
539722	FHA_17_001180_3	2	4.5	165	-0.973	0.973	17.434
539722	FHA_17_001180_3	3	35	131	-0.733	0.733	10.537
539722	FHA_17_001180_3	4	22.5	115	-0.804	0.804	11.156
539722	FHA_17_001180_3	5	83.5	184	-0.546	0.546	8.69
539722	FHA_17_001180_3	6	177	362	-0.511	0.511	11.269
539722	FHA_17_001180_3	7	677	536	0.263	0.208	5.725
539722	FHA_17_001180_3	8	1346	792	0.699	0.412	16.944
539722	FHA_17_001180_3	9	1098	951	0.155	0.134	4.593
539722	FHA_17_001180_3	10	955	890	0.073	0.068	2.14
539722	FHA_17_001180_3	11	1001	868	0.153	0.133	4.351
539722	FHA_17_001180_3	12	932	974	-0.043	0.043	1.361
539722	FHA_17_001180_3	13	935.5	1079	-0.133	0.133	4.522
539722	FHA_17_001180_3	14	1045.5	1123	-0.069	0.069	2.354
539722	FHA_17_001180_3	15	1200.5	1214	-0.011	0.011	0.389
539722	FHA_17_001180_3	16	1363.5	1405	-0.03	0.03	1.115
539722	FHA_17_001180_3	17	1082.5	1387	-0.22	0.22	8.666
539722	FHA_17_001180_3	18	965.5	1333	-0.276	0.276	10.841
539722	FHA_17_001180_3	19	808.5	1208	-0.331	0.331	12.582
539722	FHA_17_001180_3	20	697	953	-0.269	0.269	8.913
539722	FHA_17_001180_3	21	506	764	-0.338	0.338	10.238
539722	FHA_17_001180_3	22	463	599	-0.227	0.227	5.902
539722	FHA_17_001180_3	23	346.5	481	-0.28	0.28	6.612
539722	FHA_17_001180_3	24	259.5	388	-0.331	0.331	7.142
562926	FHA_17_001125_5	1	108.5	1330	-0.918	0.918	45.546
562926	FHA_17_001125_5	2	28	865	-0.968	0.968	39.611
562926	FHA_17_001125_5	3	76	690	-0.89	0.89	31.374
562926	FHA_17_001125_5	4	49.5	690	-0.928	0.928	33.309
562926	FHA_17_001125_5	5	157.5	998	-0.842	0.842	34.968
562926	FHA_17_001125_5	6	515	1822	-0.717	0.717	38.235
562926	FHA_17_001125_5	7	974	2893	-0.663	0.663	43.642
562926	FHA_17_001125_5	8	2174.5	3665	-0.407	0.407	27.584
562926	FHA_17_001125_5	9	2318.5	3434	-0.325	0.325	20.8
562926	FHA_17_001125_5	10	2409	3257	-0.26	0.26	15.932
562926	FHA_17_001125_5	11	2343.5	3379	-0.306	0.306	19.359
562926	FHA_17_001125_5	12	2591	3506	-0.261	0.261	16.572
562926	FHA_17_001125_5	13	3231	3843	-0.159	0.159	10.29
562926	FHA_17_001125_5	14	3647	4276	-0.147	0.147	9.994
562926	FHA_17_001125_5	15	4251	4157	0.023	0.022	1.45
562926	FHA_17_001125_5	16	4233	3676	0.152	0.132	8.857
562926	FHA_17_001125_5	17	4061	3516	0.155	0.134	8.854
562926	FHA_17_001125_5	18	3827.5	3711	0.031	0.03	1.898
562926	FHA_17_001125_5	19	3847.5	3785	0.017	0.016	1.012
562926	FHA_17_001125_5	20	3730.5	3475	0.074	0.068	4.257
562926	FHA_17_001125_5	21	3688.5	3307	0.115	0.103	6.451
562926	FHA_17_001125_5	22	3585.5	2883	0.244	0.196	12.353
562926	FHA_17_001125_5	23	3455.5	2857	0.209	0.173	10.653
562926	FHA_17_001125_5	24	3305	2581	0.281	0.219	13.346
562936	FHA_17_001121-p2_1	1	349.5	1003	-0.652	0.652	25.13
562936	FHA_17_001121-p2_1	2	352.5	768	-0.541	0.541	17.554
562936	FHA_17_001121-p2_1	3	378	779	-0.515	0.515	16.672
562936	FHA_17_001121-p2_1	4	422	1118	-0.623	0.623	25.082
562936	FHA_17_001121-p2_1	5	2371	2321	0.022	0.021	1.032
562936	FHA_17_001121-p2_1	6	5470.5	5094	0.074	0.069	5.18
562936	FHA_17_001121-p2_1	7	5192	5232	-0.008	0.008	0.554
562936	FHA_17_001121-p2_1	8	4448.5	4914	-0.095	0.095	6.804
562936	FHA_17_001121-p2_1	9	2953.5	4349	-0.321	0.321	23.095
562936	FHA_17_001121-p2_1	10	2573	4421	-0.418	0.418	31.25
562936	FHA_17_001121-p2_1	11	2478	4293	-0.423	0.423	31.194
562936	FHA_17_001121-p2_1	12	2364	4173	-0.434	0.434	31.642
562936	FHA_17_001121-p2_1	13	2388	4334	-0.449	0.449	33.567
562936	FHA_17_001121-p2_1	14	2403	4444	-0.459	0.459	34.883
562936	FHA_17_001121-p2_1	15	2512.5	4414	-0.431	0.431	32.311
562936	FHA_17_001121-p2_1	16	2553.5	4278	-0.403	0.403	29.507
562936	FHA_17_001121-p2_1	17	2600	4338	-0.401	0.401	29.509
562936	FHA_17_001121-p2_1	18	2536.5	4230	-0.4	0.4	29.115
562936	FHA_17_001121-p2_1	19	2720	4129	-0.341	0.341	24.078
562936	FHA_17_001121-p2_1	20	2572	3831	-0.329	0.329	22.251
562936	FHA_17_001121-p2_1	21	2171	3158	-0.313	0.313	19.121
562936	FHA_17_001121-p2_1	22	1959.5	2906	-0.326	0.326	19.19
562936	FHA_17_001121-p2_1	23	1966	2460	-0.201	0.201	10.501
562936	FHA_17_001121-p2_1	24	1560	1678	-0.07	0.07	2.933
647412	FHA_17_001170_5	1	4.5	82	-0.945	0.945	11.784
647412	FHA_17_001170_5	2	10.5	55	-0.809	0.809	7.776
647412	FHA_17_001170_5	3	8.5	43	-0.802	0.802	6.799
647412	FHA_17_001170_5	4	6	48	-0.875	0.875	8.083
647412	FHA_17_001170_5	5	22.5	67	-0.664	0.664	6.652
647412	FHA_17_001170_5	6	51.5	133	-0.613	0.613	8.485
647412	FHA_17_001170_5	7	225.5	225	0.002	0.002	0.033
647412	FHA_17_001170_5	8	541.5	387	0.399	0.285	7.171
647412	FHA_17_001170_5	9	547.5	482	0.136	0.12	2.887
647412	FHA_17_001170_5	10	317	385	-0.177	0.177	3.63
647412	FHA_17_001170_5	11	340	381	-0.108	0.108	2.159
647412	FHA_17_001170_5	12	346	420	-0.176	0.176	3.781
647412	FHA_17_001170_5	13	302	450	-0.329	0.329	7.633
647412	FHA_17_001170_5	14	357	496	-0.28	0.28	6.731
647412	FHA_17_001170_5	15	350.5	583	-0.399	0.399	10.762
647412	FHA_17_001170_5	16	421.5	700	-0.398	0.398	11.761
647412	FHA_17_001170_5	17	325	729	-0.554	0.554	17.599
647412	FHA_17_001170_5	18	333.5	656	-0.492	0.492	14.499
647412	FHA_17_001170_5	19	306.5	510	-0.399	0.399	10.072
647412	FHA_17_001170_5	20	242	369	-0.344	0.344	7.266
647412	FHA_17_001170_5	21	203.5	278	-0.268	0.268	4.801
647412	FHA_17_001170_5	22	174.5	211	-0.173	0.173	2.629
647412	FHA_17_001170_5	23	136	171	-0.205	0.205	2.825
647412	FHA_17_001170_5	24	118	136	-0.132	0.132	1.597
647413	FHA_17_001170_1	1	2.5	55	-0.955	0.955	9.791
647413	FHA_17_001170_1	2	0	38	-1	1	8.718
647413	FHA_17_001170_1	3	0	31	-1	1	7.874
647413	FHA_17_001170_1	4	0.5	42	-0.988	0.988	9.003
647413	FHA_17_001170_1	5	18.5	83	-0.777	0.777	9.054
647413	FHA_17_001170_1	6	40	179	-0.777	0.777	13.283
647413	FHA_17_001170_1	7	143.5	339	-0.577	0.577	12.587
647413	FHA_17_001170_1	8	408	465	-0.123	0.123	2.728
647413	FHA_17_001170_1	9	406.5	474	-0.142	0.142	3.217
647413	FHA_17_001170_1	10	453	378	0.198	0.166	3.679
647413	FHA_17_001170_1	11	427.5	355	0.204	0.17	3.665
647413	FHA_17_001170_1	12	416	390	0.067	0.062	1.295
647413	FHA_17_001170_1	13	395.5	416	-0.049	0.049	1.018
647413	FHA_17_001170_1	14	501.5	432	0.161	0.139	3.217
647413	FHA_17_001170_1	15	527	487	0.082	0.076	1.776
647413	FHA_17_001170_1	16	571	502	0.137	0.121	2.979
647413	FHA_17_001170_1	17	468.5	488	-0.04	0.04	0.892
647413	FHA_17_001170_1	18	331.5	462	-0.282	0.282	6.552
647413	FHA_17_001170_1	19	287.5	369	-0.221	0.221	4.498
647413	FHA_17_001170_1	20	209.5	266	-0.212	0.212	3.664
647413	FHA_17_001170_1	21	155.5	203	-0.234	0.234	3.548
647413	FHA_17_001170_1	22	91	157	-0.42	0.42	5.927
647413	FHA_17_001170_1	23	68.5	128	-0.465	0.465	6.003
647413	FHA_17_001170_1	24	26.5	91	-0.709	0.709	8.415
88952	FHA_17_001121_1	1	133	1003	-0.867	0.867	36.504
88952	FHA_17_001121_1	2	59	768	-0.923	0.923	34.867
88952	FHA_17_001121_1	3	88.5	779	-0.886	0.886	33.155
88952	FHA_17_001121_1	4	74	1118	-0.934	0.934	42.764
88952	FHA_17_001121_1	5	507	2321	-0.782	0.782	48.241
88952	FHA_17_001121_1	6	2379.5	5094	-0.533	0.533	44.406
88952	FHA_17_001121_1	7	3653.5	5232	-0.302	0.302	23.682
88952	FHA_17_001121_1	8	3633	4914	-0.261	0.261	19.596
88952	FHA_17_001121_1	9	3546.5	4349	-0.185	0.185	12.772
88952	FHA_17_001121_1	10	3304.5	4421	-0.253	0.253	17.964
88952	FHA_17_001121_1	11	3245.5	4293	-0.244	0.244	17.062
88952	FHA_17_001121_1	12	3034.5	4173	-0.273	0.273	18.965
88952	FHA_17_001121_1	13	3267	4334	-0.246	0.246	17.308
88952	FHA_17_001121_1	14	3304	4444	-0.257	0.257	18.316
88952	FHA_17_001121_1	15	3020.5	4414	-0.316	0.316	22.856
88952	FHA_17_001121_1	16	2947.5	4278	-0.311	0.311	22.136
88952	FHA_17_001121_1	17	2949.5	4338	-0.32	0.32	23.002
88952	FHA_17_001121_1	18	2803	4230	-0.337	0.337	24.064
88952	FHA_17_001121_1	19	2892.5	4129	-0.299	0.299	20.869
88952	FHA_17_001121_1	20	2721	3831	-0.29	0.29	19.393
88952	FHA_17_001121_1	21	2284	3158	-0.277	0.277	16.755
88952	FHA_17_001121_1	22	2016.5	2906	-0.306	0.306	17.929
88952	FHA_17_001121_1	23	1758	2460	-0.285	0.285	15.286
88952	FHA_17_001121_1	24	1531.5	1678	-0.087	0.087	3.657
