Link Id	Count Station Id	Hour	MATSIM volumes	Count volumes	Relative Error	Normalized Relative Error	GEH
1021322	FHA_06_074110_1	1	73	758	-0.904	0.904	33.605
1021322	FHA_06_074110_1	2	750	605	0.24	0.193	5.571
1021322	FHA_06_074110_1	3	239	507	-0.529	0.529	13.877
1021322	FHA_06_074110_1	4	426	533	-0.201	0.201	4.886
1021322	FHA_06_074110_1	5	501	681	-0.264	0.264	7.404
1021322	FHA_06_074110_1	6	2588	1155	1.241	0.554	33.125
1021322	FHA_06_074110_1	7	5624	1366	3.117	0.757	72.025
1021322	FHA_06_074110_1	8	5016	1341	2.74	0.733	65.185
1021322	FHA_06_074110_1	9	4782	1254	2.813	0.738	64.22
1021322	FHA_06_074110_1	10	4417	1472	2.001	0.667	54.272
1021322	FHA_06_074110_1	11	4088	1925	1.124	0.529	39.448
1021322	FHA_06_074110_1	12	3667	2356	0.556	0.358	23.89
1021322	FHA_06_074110_1	13	3362	2469	0.362	0.266	16.538
1021322	FHA_06_074110_1	14	3258	2496	0.305	0.234	14.206
1021322	FHA_06_074110_1	15	2861	2637	0.085	0.078	4.272
1021322	FHA_06_074110_1	16	2742	2551	0.075	0.07	3.713
1021322	FHA_06_074110_1	17	2618	2348	0.115	0.103	5.418
1021322	FHA_06_074110_1	18	2541	2104	0.208	0.172	9.068
1021322	FHA_06_074110_1	19	2463	1947	0.265	0.21	10.989
1021322	FHA_06_074110_1	20	2417	1896	0.275	0.216	11.219
1021322	FHA_06_074110_1	21	2263	1856	0.219	0.18	8.968
1021322	FHA_06_074110_1	22	2189	1611	0.359	0.264	13.26
1021322	FHA_06_074110_1	23	2133	1233	0.73	0.422	21.938
1021322	FHA_06_074110_1	24	2033	924	1.2	0.545	28.842
1047591	FHA_06_072110_5	1	760	1821	-0.583	0.583	29.535
1047591	FHA_06_072110_5	2	395	1175	-0.664	0.664	27.839
1047591	FHA_06_072110_5	3	578	1030	-0.439	0.439	15.941
1047591	FHA_06_072110_5	4	842	1148	-0.267	0.267	9.701
1047591	FHA_06_072110_5	5	1379	2203	-0.374	0.374	19.471
1047591	FHA_06_072110_5	6	4804	4690	0.024	0.024	1.655
1047591	FHA_06_072110_5	7	9271	7655	0.211	0.174	17.566
1047591	FHA_06_072110_5	8	11178	9514	0.175	0.149	16.359
1047591	FHA_06_072110_5	9	10871	9466	0.148	0.129	13.933
1047591	FHA_06_072110_5	10	10690	8636	0.238	0.192	20.895
1047591	FHA_06_072110_5	11	10879	8203	0.326	0.246	27.396
1047591	FHA_06_072110_5	12	10684	8578	0.246	0.197	21.46
1047591	FHA_06_072110_5	13	10263	8970	0.144	0.126	13.185
1047591	FHA_06_072110_5	14	10365	9534	0.087	0.08	8.331
1047591	FHA_06_072110_5	15	10442	9617	0.086	0.079	8.238
1047591	FHA_06_072110_5	16	10585	9564	0.107	0.096	10.172
1047591	FHA_06_072110_5	17	10493	9483	0.107	0.096	10.106
1047591	FHA_06_072110_5	18	9963	9318	0.069	0.065	6.569
1047591	FHA_06_072110_5	19	9953	9324	0.067	0.063	6.407
1047591	FHA_06_072110_5	20	9358	8641	0.083	0.077	7.558
1047591	FHA_06_072110_5	21	8640	7144	0.209	0.173	16.84
1047591	FHA_06_072110_5	22	8171	5479	0.491	0.329	32.585
1047591	FHA_06_072110_5	23	7454	4570	0.631	0.387	37.195
1047591	FHA_06_072110_5	24	7095	3631	0.954	0.488	47.301
120593	FHA_06_074650_1	1	566	1136	-0.502	0.502	19.539
120593	FHA_06_074650_1	2	330	672	-0.509	0.509	15.279
120593	FHA_06_074650_1	3	215	620	-0.653	0.653	19.821
120593	FHA_06_074650_1	4	481	1017	-0.527	0.527	19.585
120593	FHA_06_074650_1	5	1467	2818	-0.479	0.479	29.187
120593	FHA_06_074650_1	6	6577	7226	-0.09	0.09	7.812
120593	FHA_06_074650_1	7	9390	8668	0.083	0.077	7.598
120593	FHA_06_074650_1	8	11228	8762	0.281	0.22	24.666
120593	FHA_06_074650_1	9	10924	9206	0.187	0.157	17.124
120593	FHA_06_074650_1	10	11396	8885	0.283	0.22	24.935
120593	FHA_06_074650_1	11	10735	8080	0.329	0.247	27.373
120593	FHA_06_074650_1	12	10808	8088	0.336	0.252	27.983
120593	FHA_06_074650_1	13	10552	8341	0.265	0.21	22.749
120593	FHA_06_074650_1	14	10624	8377	0.268	0.212	23.053
120593	FHA_06_074650_1	15	10665	9714	0.098	0.089	9.421
120593	FHA_06_074650_1	16	10939	10326	0.059	0.056	5.945
120593	FHA_06_074650_1	17	10405	9837	0.058	0.055	5.646
120593	FHA_06_074650_1	18	10010	9688	0.033	0.032	3.245
120593	FHA_06_074650_1	19	9708	9184	0.057	0.054	5.391
120593	FHA_06_074650_1	20	8720	7777	0.121	0.108	10.383
120593	FHA_06_074650_1	21	8118	5976	0.358	0.264	25.516
120593	FHA_06_074650_1	22	7386	4990	0.48	0.324	30.459
120593	FHA_06_074650_1	23	6500	3500	0.857	0.462	42.426
120593	FHA_06_074650_1	24	5411	2059	1.628	0.619	54.848
145671	FHA_06_079020_5	1	446	804	-0.445	0.445	14.32
145671	FHA_06_079020_5	2	533	564	-0.055	0.055	1.324
145671	FHA_06_079020_5	3	430	580	-0.259	0.259	6.675
145671	FHA_06_079020_5	4	779	1088	-0.284	0.284	10.113
145671	FHA_06_079020_5	5	2433	3053	-0.203	0.203	11.838
145671	FHA_06_079020_5	6	7240	7377	-0.019	0.019	1.603
145671	FHA_06_079020_5	7	9952	6096	0.633	0.387	43.047
145671	FHA_06_079020_5	8	10991	5424	1.026	0.507	61.449
145671	FHA_06_079020_5	9	10589	5313	0.993	0.498	59.169
145671	FHA_06_079020_5	10	10051	5577	0.802	0.445	50.613
145671	FHA_06_079020_5	11	9515	6253	0.522	0.343	36.738
145671	FHA_06_079020_5	12	8917	6223	0.433	0.302	30.963
145671	FHA_06_079020_5	13	8211	5980	0.373	0.272	26.485
145671	FHA_06_079020_5	14	7624	5996	0.272	0.214	19.728
145671	FHA_06_079020_5	15	7639	5911	0.292	0.226	20.994
145671	FHA_06_079020_5	16	8279	5849	0.415	0.294	28.912
145671	FHA_06_079020_5	17	7451	5784	0.288	0.224	20.492
145671	FHA_06_079020_5	18	7213	6146	0.174	0.148	13.055
145671	FHA_06_079020_5	19	6486	5659	0.146	0.128	10.613
145671	FHA_06_079020_5	20	5166	4411	0.171	0.146	10.911
145671	FHA_06_079020_5	21	3958	3723	0.063	0.059	3.792
145671	FHA_06_079020_5	22	3417	3278	0.042	0.041	2.402
145671	FHA_06_079020_5	23	2813	2343	0.201	0.167	9.257
145671	FHA_06_079020_5	24	2463	1432	0.72	0.419	23.363
145673	FHA_06_079020_1	1	938	1627	-0.423	0.423	19.239
145673	FHA_06_079020_1	2	361	980	-0.632	0.632	23.905
145673	FHA_06_079020_1	3	880	738	0.192	0.161	4.992
145673	FHA_06_079020_1	4	827	679	0.218	0.179	5.393
145673	FHA_06_079020_1	5	1063	1272	-0.164	0.164	6.117
145673	FHA_06_079020_1	6	4446	2838	0.567	0.362	26.645
145673	FHA_06_079020_1	7	7761	4046	0.918	0.479	48.351
145673	FHA_06_079020_1	8	8725	5882	0.483	0.326	33.267
145673	FHA_06_079020_1	9	8556	5473	0.563	0.36	36.811
145673	FHA_06_079020_1	10	7693	5156	0.492	0.33	31.652
145673	FHA_06_079020_1	11	7268	5578	0.303	0.233	21.087
145673	FHA_06_079020_1	12	6648	6214	0.07	0.065	5.412
145673	FHA_06_079020_1	13	6888	7017	-0.018	0.018	1.547
145673	FHA_06_079020_1	14	7175	7377	-0.027	0.027	2.368
145673	FHA_06_079020_1	15	7448	7231	0.03	0.029	2.533
145673	FHA_06_079020_1	16	7498	6906	0.086	0.079	6.976
145673	FHA_06_079020_1	17	7624	6863	0.111	0.1	8.942
145673	FHA_06_079020_1	18	7507	6983	0.075	0.07	6.156
145673	FHA_06_079020_1	19	7779	7135	0.09	0.083	7.458
145673	FHA_06_079020_1	20	7391	7184	0.029	0.028	2.425
145673	FHA_06_079020_1	21	7527	6244	0.205	0.17	15.462
145673	FHA_06_079020_1	22	7373	5119	0.44	0.306	28.52
145673	FHA_06_079020_1	23	6966	4168	0.671	0.402	37.501
145673	FHA_06_079020_1	24	6349	3095	1.051	0.513	47.354
174004	FHA_06_126230_1	1	28	82	-0.659	0.659	7.281
174004	FHA_06_126230_1	2	0	48	-1	1	9.798
174004	FHA_06_126230_1	3	23	26	-0.115	0.115	0.606
174004	FHA_06_126230_1	4	13	24	-0.458	0.458	2.557
174004	FHA_06_126230_1	5	27	39	-0.308	0.308	2.089
174004	FHA_06_126230_1	6	60	81	-0.259	0.259	2.501
174004	FHA_06_126230_1	7	380	168	1.262	0.558	12.807
174004	FHA_06_126230_1	8	1290	311	3.148	0.759	34.602
174004	FHA_06_126230_1	9	1714	419	3.091	0.756	39.654
174004	FHA_06_126230_1	10	1230	455	1.703	0.63	26.7
174004	FHA_06_126230_1	11	1215	532	1.284	0.562	23.109
174004	FHA_06_126230_1	12	1284	595	1.158	0.537	22.479
174004	FHA_06_126230_1	13	1106	619	0.787	0.44	16.582
174004	FHA_06_126230_1	14	1264	659	0.918	0.479	19.511
174004	FHA_06_126230_1	15	1170	779	0.502	0.334	12.525
174004	FHA_06_126230_1	16	1429	1023	0.397	0.284	11.595
174004	FHA_06_126230_1	17	1356	1142	0.187	0.158	6.055
174004	FHA_06_126230_1	18	1308	1197	0.093	0.085	3.136
174004	FHA_06_126230_1	19	992	845	0.174	0.148	4.85
174004	FHA_06_126230_1	20	769	584	0.317	0.241	7.113
174004	FHA_06_126230_1	21	546	452	0.208	0.172	4.208
174004	FHA_06_126230_1	22	472	370	0.276	0.216	4.971
174004	FHA_06_126230_1	23	279	265	0.053	0.05	0.849
174004	FHA_06_126230_1	24	157	177	-0.113	0.113	1.548
18558	FHA_06_122190_1	1	301	673	-0.553	0.553	16.857
18558	FHA_06_122190_1	2	178	428	-0.584	0.584	14.362
18558	FHA_06_122190_1	3	196	365	-0.463	0.463	10.091
18558	FHA_06_122190_1	4	212	450	-0.529	0.529	13.082
18558	FHA_06_122190_1	5	799	1008	-0.207	0.207	6.953
18558	FHA_06_122190_1	6	2157	2114	0.02	0.02	0.931
18558	FHA_06_122190_1	7	5097	3774	0.351	0.26	19.865
18558	FHA_06_122190_1	8	6002	5841	0.028	0.027	2.092
18558	FHA_06_122190_1	9	6040	5899	0.024	0.023	1.825
18558	FHA_06_122190_1	10	5861	5057	0.159	0.137	10.882
18558	FHA_06_122190_1	11	5934	4576	0.297	0.229	18.733
18558	FHA_06_122190_1	12	5890	4924	0.196	0.164	13.137
18558	FHA_06_122190_1	13	5674	5445	0.042	0.04	3.071
18558	FHA_06_122190_1	14	5841	5839	0	0	0.026
18558	FHA_06_122190_1	15	5472	6825	-0.198	0.198	17.255
18558	FHA_06_122190_1	16	5640	7069	-0.202	0.202	17.926
18558	FHA_06_122190_1	17	5743	7010	-0.181	0.181	15.867
18558	FHA_06_122190_1	18	5455	6856	-0.204	0.204	17.857
18558	FHA_06_122190_1	19	5604	6517	-0.14	0.14	11.728
18558	FHA_06_122190_1	20	5236	5052	0.036	0.035	2.565
18558	FHA_06_122190_1	21	4992	3683	0.355	0.262	19.876
18558	FHA_06_122190_1	22	4691	3108	0.509	0.337	25.35
18558	FHA_06_122190_1	23	4217	2108	1	0.5	37.503
18558	FHA_06_122190_1	24	3546	1298	1.732	0.634	45.678
231024	FHA_06_077590_3	1	139	471	-0.705	0.705	19.01
231024	FHA_06_077590_3	2	487	349	0.395	0.283	6.75
231024	FHA_06_077590_3	3	260	287	-0.094	0.094	1.633
231024	FHA_06_077590_3	4	341	356	-0.042	0.042	0.804
231024	FHA_06_077590_3	5	761	655	0.162	0.139	3.984
231024	FHA_06_077590_3	6	2181	1459	0.495	0.331	16.924
231024	FHA_06_077590_3	7	4480	2801	0.599	0.375	27.827
231024	FHA_06_077590_3	8	6480	4218	0.536	0.349	30.928
231024	FHA_06_077590_3	9	5502	4408	0.248	0.199	15.542
231024	FHA_06_077590_3	10	5153	3867	0.333	0.25	19.149
231024	FHA_06_077590_3	11	5343	3427	0.559	0.359	28.934
231024	FHA_06_077590_3	12	5368	3333	0.611	0.379	30.853
231024	FHA_06_077590_3	13	5185	3485	0.488	0.328	25.82
231024	FHA_06_077590_3	14	4823	3539	0.363	0.266	19.858
231024	FHA_06_077590_3	15	4733	3751	0.262	0.207	15.077
231024	FHA_06_077590_3	16	4858	3924	0.238	0.192	14.095
231024	FHA_06_077590_3	17	4854	3963	0.225	0.184	13.419
231024	FHA_06_077590_3	18	4886	4027	0.213	0.176	12.868
231024	FHA_06_077590_3	19	4546	3581	0.269	0.212	15.138
231024	FHA_06_077590_3	20	3994	2813	0.42	0.296	20.244
231024	FHA_06_077590_3	21	3803	1966	0.934	0.483	34.204
231024	FHA_06_077590_3	22	3482	1479	1.354	0.575	40.217
231024	FHA_06_077590_3	23	2872	1140	1.519	0.603	38.671
231024	FHA_06_077590_3	24	2647	745	2.553	0.719	46.185
273145	FHA_06_129050_1	1	1104	2027	-0.455	0.455	23.328
273145	FHA_06_129050_1	2	433	1250	-0.654	0.654	28.164
273145	FHA_06_129050_1	3	941	1012	-0.07	0.07	2.272
273145	FHA_06_129050_1	4	749	1000	-0.251	0.251	8.488
273145	FHA_06_129050_1	5	2661	1975	0.347	0.258	14.248
273145	FHA_06_129050_1	6	4685	4289	0.092	0.085	5.912
273145	FHA_06_129050_1	7	4471	7923	-0.436	0.436	43.851
273145	FHA_06_129050_1	8	3637	11699	-0.689	0.689	92.067
273145	FHA_06_129050_1	9	3367	11824	-0.715	0.715	97.037
273145	FHA_06_129050_1	10	3272	10134	-0.677	0.677	83.814
273145	FHA_06_129050_1	11	3244	9672	-0.665	0.665	79.988
273145	FHA_06_129050_1	12	3223	9590	-0.664	0.664	79.547
273145	FHA_06_129050_1	13	3193	9972	-0.68	0.68	83.555
273145	FHA_06_129050_1	14	3153	10460	-0.699	0.699	88.568
273145	FHA_06_129050_1	15	3151	10582	-0.702	0.702	89.677
273145	FHA_06_129050_1	16	3140	10214	-0.693	0.693	86.571
273145	FHA_06_129050_1	17	3157	9663	-0.673	0.673	81.262
273145	FHA_06_129050_1	18	3127	8685	-0.64	0.64	72.322
273145	FHA_06_129050_1	19	3162	9157	-0.655	0.655	76.386
273145	FHA_06_129050_1	20	3195	9466	-0.662	0.662	78.817
273145	FHA_06_129050_1	21	3187	8382	-0.62	0.62	68.305
273145	FHA_06_129050_1	22	3162	7306	-0.567	0.567	57.28
273145	FHA_06_129050_1	23	3025	5826	-0.481	0.481	42.105
273145	FHA_06_129050_1	24	2714	3754	-0.277	0.277	18.288
301615	FHA_06_077590_7	1	529	513	0.031	0.03	0.701
301615	FHA_06_077590_7	2	293	369	-0.206	0.206	4.177
301615	FHA_06_077590_7	3	518	315	0.644	0.392	9.947
301615	FHA_06_077590_7	4	536	387	0.385	0.278	6.936
301615	FHA_06_077590_7	5	1007	762	0.322	0.243	8.238
301615	FHA_06_077590_7	6	3858	1678	1.299	0.565	41.436
301615	FHA_06_077590_7	7	5418	3190	0.698	0.411	33.961
301615	FHA_06_077590_7	8	7091	4642	0.528	0.345	31.974
301615	FHA_06_077590_7	9	7192	4758	0.512	0.338	31.488
301615	FHA_06_077590_7	10	7385	4111	0.796	0.443	43.184
301615	FHA_06_077590_7	11	7497	3765	0.991	0.498	49.733
301615	FHA_06_077590_7	12	7087	3711	0.91	0.476	45.946
301615	FHA_06_077590_7	13	6537	3748	0.744	0.427	38.892
301615	FHA_06_077590_7	14	6396	3723	0.718	0.418	37.579
301615	FHA_06_077590_7	15	6880	3969	0.733	0.423	39.524
301615	FHA_06_077590_7	16	7199	4010	0.795	0.443	42.598
301615	FHA_06_077590_7	17	7160	3910	0.831	0.454	43.684
301615	FHA_06_077590_7	18	7061	4095	0.724	0.42	39.713
301615	FHA_06_077590_7	19	7117	3770	0.888	0.47	45.365
301615	FHA_06_077590_7	20	6624	3106	1.133	0.531	50.438
301615	FHA_06_077590_7	21	6290	2234	1.816	0.645	62.129
301615	FHA_06_077590_7	22	5962	1695	2.517	0.716	68.962
301615	FHA_06_077590_7	23	5361	1297	3.133	0.758	70.436
301615	FHA_06_077590_7	24	4631	817	4.668	0.824	73.076
318055	FHA_06_129010_5	1	294	1006	-0.708	0.708	27.927
318055	FHA_06_129010_5	2	362	657	-0.449	0.449	13.069
318055	FHA_06_129010_5	3	267	507	-0.473	0.473	12.2
318055	FHA_06_129010_5	4	448	574	-0.22	0.22	5.574
318055	FHA_06_129010_5	5	626	1213	-0.484	0.484	19.358
318055	FHA_06_129010_5	6	3281	2714	0.209	0.173	10.356
318055	FHA_06_129010_5	7	5819	3972	0.465	0.317	26.398
318055	FHA_06_129010_5	8	8411	5107	0.647	0.393	40.188
318055	FHA_06_129010_5	9	7548	5193	0.453	0.312	29.506
318055	FHA_06_129010_5	10	6138	5179	0.185	0.156	12.749
318055	FHA_06_129010_5	11	5743	5417	0.06	0.057	4.364
318055	FHA_06_129010_5	12	5392	5566	-0.031	0.031	2.351
318055	FHA_06_129010_5	13	5006	5762	-0.131	0.131	10.303
318055	FHA_06_129010_5	14	4686	5838	-0.197	0.197	15.881
318055	FHA_06_129010_5	15	4896	5861	-0.165	0.165	13.158
318055	FHA_06_129010_5	16	5118	6122	-0.164	0.164	13.393
318055	FHA_06_129010_5	17	4585	6124	-0.251	0.251	21.032
318055	FHA_06_129010_5	18	4218	5877	-0.282	0.282	23.351
318055	FHA_06_129010_5	19	4014	5279	-0.24	0.24	18.558
318055	FHA_06_129010_5	20	3545	4464	-0.206	0.206	14.522
318055	FHA_06_129010_5	21	2889	4031	-0.283	0.283	19.415
318055	FHA_06_129010_5	22	2703	3366	-0.197	0.197	12.036
318055	FHA_06_129010_5	23	2399	2326	0.031	0.03	1.502
318055	FHA_06_129010_5	24	2137	1588	0.346	0.257	12.721
343598	FHA_06_124010_5	1	125	944	-0.868	0.868	35.425
343598	FHA_06_124010_5	2	168	623	-0.73	0.73	22.879
343598	FHA_06_124010_5	3	74	496	-0.851	0.851	24.997
343598	FHA_06_124010_5	4	181	561	-0.677	0.677	19.729
343598	FHA_06_124010_5	5	106	1148	-0.908	0.908	41.613
343598	FHA_06_124010_5	6	145	2503	-0.942	0.942	64.804
343598	FHA_06_124010_5	7	476	3400	-0.86	0.86	66.42
343598	FHA_06_124010_5	8	685	3471	-0.803	0.803	61.116
343598	FHA_06_124010_5	9	495	3148	-0.843	0.843	62.162
343598	FHA_06_124010_5	10	525	3515	-0.851	0.851	66.527
343598	FHA_06_124010_5	11	372	3775	-0.901	0.901	74.733
343598	FHA_06_124010_5	12	377	3836	-0.902	0.902	75.365
343598	FHA_06_124010_5	13	423	3858	-0.89	0.89	74.245
343598	FHA_06_124010_5	14	460	4030	-0.886	0.886	75.346
343598	FHA_06_124010_5	15	479	4083	-0.883	0.883	75.461
343598	FHA_06_124010_5	16	573	3990	-0.856	0.856	71.538
343598	FHA_06_124010_5	17	584	3896	-0.85	0.85	69.979
343598	FHA_06_124010_5	18	529	3682	-0.856	0.856	68.714
343598	FHA_06_124010_5	19	589	3464	-0.83	0.83	63.865
343598	FHA_06_124010_5	20	595	3154	-0.811	0.811	59.105
343598	FHA_06_124010_5	21	549	3041	-0.819	0.819	58.819
343598	FHA_06_124010_5	22	536	2657	-0.798	0.798	53.083
343598	FHA_06_124010_5	23	505	1902	-0.734	0.734	40.269
343598	FHA_06_124010_5	24	524	1375	-0.619	0.619	27.617
367556	FHA_06_071730_3	1	274	1390	-0.803	0.803	38.69
367556	FHA_06_071730_3	2	449	1006	-0.554	0.554	20.651
367556	FHA_06_071730_3	3	464	917	-0.494	0.494	17.239
367556	FHA_06_071730_3	4	414	1065	-0.611	0.611	23.939
367556	FHA_06_071730_3	5	510	1879	-0.729	0.729	39.611
367556	FHA_06_071730_3	6	1150	3316	-0.653	0.653	45.837
367556	FHA_06_071730_3	7	2144	4347	-0.507	0.507	38.67
367556	FHA_06_071730_3	8	3267	5948	-0.451	0.451	39.497
367556	FHA_06_071730_3	9	3017	6215	-0.515	0.515	47.07
367556	FHA_06_071730_3	10	3094	5193	-0.404	0.404	32.608
367556	FHA_06_071730_3	11	3434	4923	-0.302	0.302	23.035
367556	FHA_06_071730_3	12	3242	5314	-0.39	0.39	31.679
367556	FHA_06_071730_3	13	3344	5829	-0.426	0.426	36.693
367556	FHA_06_071730_3	14	3345	6127	-0.454	0.454	40.425
367556	FHA_06_071730_3	15	3939	6183	-0.363	0.363	31.543
367556	FHA_06_071730_3	16	4239	6144	-0.31	0.31	26.439
367556	FHA_06_071730_3	17	4387	6091	-0.28	0.28	23.542
367556	FHA_06_071730_3	18	4105	6188	-0.337	0.337	29.036
367556	FHA_06_071730_3	19	3705	5973	-0.38	0.38	32.604
367556	FHA_06_071730_3	20	3015	5637	-0.465	0.465	39.865
367556	FHA_06_071730_3	21	2825	4866	-0.419	0.419	32.913
367556	FHA_06_071730_3	22	2579	4048	-0.363	0.363	25.52
367556	FHA_06_071730_3	23	2270	2963	-0.234	0.234	13.548
367556	FHA_06_071730_3	24	2122	2206	-0.038	0.038	1.806
374186	FHA_06_122260_3	1	190	1603	-0.881	0.881	47.192
374186	FHA_06_122260_3	2	118	1126	-0.895	0.895	40.417
374186	FHA_06_122260_3	3	213	1015	-0.79	0.79	32.366
374186	FHA_06_122260_3	4	276	1332	-0.793	0.793	37.242
374186	FHA_06_122260_3	5	769	2754	-0.721	0.721	47.295
374186	FHA_06_122260_3	6	3191	4944	-0.355	0.355	27.486
374186	FHA_06_122260_3	7	6618	6787	-0.025	0.025	2.064
374186	FHA_06_122260_3	8	9055	7286	0.243	0.195	19.571
374186	FHA_06_122260_3	9	7893	6631	0.19	0.16	14.809
374186	FHA_06_122260_3	10	7505	6448	0.164	0.141	12.655
374186	FHA_06_122260_3	11	6704	6500	0.031	0.03	2.511
374186	FHA_06_122260_3	12	6780	6647	0.02	0.02	1.623
374186	FHA_06_122260_3	13	6843	6954	-0.016	0.016	1.336
374186	FHA_06_122260_3	14	7002	7290	-0.04	0.04	3.407
374186	FHA_06_122260_3	15	7543	7159	0.054	0.051	4.479
374186	FHA_06_122260_3	16	7994	6914	0.156	0.135	12.509
374186	FHA_06_122260_3	17	7987	7274	0.098	0.089	8.162
374186	FHA_06_122260_3	18	7985	7424	0.076	0.07	6.391
374186	FHA_06_122260_3	19	7582	7465	0.016	0.015	1.349
374186	FHA_06_122260_3	20	7168	6858	0.045	0.043	3.702
374186	FHA_06_122260_3	21	6282	5659	0.11	0.099	8.063
374186	FHA_06_122260_3	22	5668	4754	0.192	0.161	12.662
374186	FHA_06_122260_3	23	5052	3615	0.398	0.284	21.829
374186	FHA_06_122260_3	24	4347	2662	0.633	0.388	28.463
375608	FHA_06_126590_1	1	298	590	-0.495	0.495	13.858
375608	FHA_06_126590_1	2	84	358	-0.765	0.765	18.431
375608	FHA_06_126590_1	3	77	304	-0.747	0.747	16.447
375608	FHA_06_126590_1	4	132	505	-0.739	0.739	20.9
375608	FHA_06_126590_1	5	628	1264	-0.503	0.503	20.678
375608	FHA_06_126590_1	6	3898	2920	0.335	0.251	16.75
375608	FHA_06_126590_1	7	7304	4019	0.817	0.45	43.659
375608	FHA_06_126590_1	8	8305	4919	0.688	0.408	41.641
375608	FHA_06_126590_1	9	8240	5022	0.641	0.391	39.518
375608	FHA_06_126590_1	10	7615	4385	0.737	0.424	41.699
375608	FHA_06_126590_1	11	7668	4400	0.743	0.426	42.071
375608	FHA_06_126590_1	12	7525	4534	0.66	0.397	38.519
375608	FHA_06_126590_1	13	6984	4795	0.457	0.313	28.524
375608	FHA_06_126590_1	14	6768	5237	0.292	0.226	19.761
375608	FHA_06_126590_1	15	7020	5722	0.227	0.185	16.262
375608	FHA_06_126590_1	16	7792	5981	0.303	0.232	21.823
375608	FHA_06_126590_1	17	7770	6046	0.285	0.222	20.742
375608	FHA_06_126590_1	18	7762	6072	0.278	0.218	20.32
375608	FHA_06_126590_1	19	7510	5592	0.343	0.255	23.697
375608	FHA_06_126590_1	20	6390	4402	0.452	0.311	27.063
375608	FHA_06_126590_1	21	6313	3556	0.775	0.437	39.248
375608	FHA_06_126590_1	22	5155	2797	0.843	0.457	37.396
375608	FHA_06_126590_1	23	3689	1948	0.894	0.472	32.794
375608	FHA_06_126590_1	24	2913	1170	1.49	0.598	38.576
382420	FHA_06_129010_1	1	511	777	-0.342	0.342	10.482
382420	FHA_06_129010_1	2	178	573	-0.689	0.689	20.384
382420	FHA_06_129010_1	3	368	468	-0.214	0.214	4.891
382420	FHA_06_129010_1	4	362	520	-0.304	0.304	7.524
382420	FHA_06_129010_1	5	1390	1013	0.372	0.271	10.876
382420	FHA_06_129010_1	6	2604	2133	0.221	0.181	9.678
382420	FHA_06_129010_1	7	3892	3938	-0.012	0.012	0.735
382420	FHA_06_129010_1	8	6388	5776	0.106	0.096	7.847
382420	FHA_06_129010_1	9	5642	6146	-0.082	0.082	6.565
382420	FHA_06_129010_1	10	4636	5682	-0.184	0.184	14.563
382420	FHA_06_129010_1	11	4662	6032	-0.227	0.227	18.736
382420	FHA_06_129010_1	12	4612	5983	-0.229	0.229	18.837
382420	FHA_06_129010_1	13	3971	6002	-0.338	0.338	28.762
382420	FHA_06_129010_1	14	4031	6084	-0.337	0.337	28.868
382420	FHA_06_129010_1	15	4371	6202	-0.295	0.295	25.183
382420	FHA_06_129010_1	16	4612	6229	-0.26	0.26	21.963
382420	FHA_06_129010_1	17	4309	5933	-0.274	0.274	22.694
382420	FHA_06_129010_1	18	3850	5761	-0.332	0.332	27.567
382420	FHA_06_129010_1	19	3430	5096	-0.327	0.327	25.516
382420	FHA_06_129010_1	20	2980	4366	-0.317	0.317	22.869
382420	FHA_06_129010_1	21	2637	3500	-0.247	0.247	15.579
382420	FHA_06_129010_1	22	2406	2753	-0.126	0.126	6.832
382420	FHA_06_129010_1	23	2093	1957	0.069	0.065	3.022
382420	FHA_06_129010_1	24	2047	1300	0.575	0.365	18.26
410511	FHA_06_126580_5	1	306	721	-0.576	0.576	18.314
410511	FHA_06_126580_5	2	53	541	-0.902	0.902	28.317
410511	FHA_06_126580_5	3	161	580	-0.722	0.722	21.768
410511	FHA_06_126580_5	4	128	1209	-0.894	0.894	41.81
410511	FHA_06_126580_5	5	743	3087	-0.759	0.759	53.564
410511	FHA_06_126580_5	6	2993	6096	-0.509	0.509	46.03
410511	FHA_06_126580_5	7	6084	6022	0.01	0.01	0.797
410511	FHA_06_126580_5	8	9039	5263	0.717	0.418	44.653
410511	FHA_06_126580_5	9	8842	5187	0.705	0.413	43.64
410511	FHA_06_126580_5	10	7745	5515	0.404	0.288	27.387
410511	FHA_06_126580_5	11	6903	5367	0.286	0.223	19.61
410511	FHA_06_126580_5	12	6882	5367	0.282	0.22	19.359
410511	FHA_06_126580_5	13	6918	5306	0.304	0.233	20.619
410511	FHA_06_126580_5	14	7253	5306	0.367	0.268	24.57
410511	FHA_06_126580_5	15	6861	5515	0.244	0.196	17.111
410511	FHA_06_126580_5	16	7549	5789	0.304	0.233	21.552
410511	FHA_06_126580_5	17	7355	5574	0.32	0.242	22.151
410511	FHA_06_126580_5	18	7158	5758	0.243	0.196	17.421
410511	FHA_06_126580_5	19	6783	5213	0.301	0.231	20.272
410511	FHA_06_126580_5	20	6042	3724	0.622	0.384	33.172
410511	FHA_06_126580_5	21	5300	2806	0.889	0.471	39.175
410511	FHA_06_126580_5	22	4775	2563	0.863	0.463	36.518
410511	FHA_06_126580_5	23	3533	2042	0.73	0.422	28.24
410511	FHA_06_126580_5	24	2927	1301	1.25	0.556	35.365
429919	FHA_06_074210_1	1	323	1590	-0.797	0.797	40.967
429919	FHA_06_074210_1	2	130	1149	-0.887	0.887	40.295
429919	FHA_06_074210_1	3	185	1096	-0.831	0.831	35.996
429919	FHA_06_074210_1	4	171	1068	-0.84	0.84	36.039
429919	FHA_06_074210_1	5	652	1922	-0.661	0.661	35.401
429919	FHA_06_074210_1	6	1800	3553	-0.493	0.493	33.884
429919	FHA_06_074210_1	7	4253	4878	-0.128	0.128	9.25
429919	FHA_06_074210_1	8	6972	5687	0.226	0.184	16.152
429919	FHA_06_074210_1	9	6367	4760	0.338	0.252	21.545
429919	FHA_06_074210_1	10	5871	4498	0.305	0.234	19.069
429919	FHA_06_074210_1	11	5961	4693	0.27	0.213	17.373
429919	FHA_06_074210_1	12	5721	4949	0.156	0.135	10.569
429919	FHA_06_074210_1	13	5096	5056	0.008	0.008	0.561
429919	FHA_06_074210_1	14	5321	5537	-0.039	0.039	2.932
429919	FHA_06_074210_1	15	5691	6030	-0.056	0.056	4.428
429919	FHA_06_074210_1	16	6108	5927	0.031	0.03	2.333
429919	FHA_06_074210_1	17	6066	5694	0.065	0.061	4.851
429919	FHA_06_074210_1	18	5627	6010	-0.064	0.064	5.021
429919	FHA_06_074210_1	19	4732	5839	-0.19	0.19	15.227
429919	FHA_06_074210_1	20	3490	4813	-0.275	0.275	20.533
429919	FHA_06_074210_1	21	2690	4117	-0.347	0.347	24.46
429919	FHA_06_074210_1	22	2335	3794	-0.385	0.385	26.356
429919	FHA_06_074210_1	23	1753	3066	-0.428	0.428	26.749
429919	FHA_06_074210_1	24	1213	2264	-0.464	0.464	25.207
4512	FHA_06_126230_5	1	0	49	-1	1	9.899
4512	FHA_06_126230_5	2	0	29	-1	1	7.616
4512	FHA_06_126230_5	3	4	18	-0.778	0.778	4.221
4512	FHA_06_126230_5	4	0	17	-1	1	5.831
4512	FHA_06_126230_5	5	71	44	0.614	0.38	3.561
4512	FHA_06_126230_5	6	178	135	0.319	0.242	3.437
4512	FHA_06_126230_5	7	624	367	0.7	0.412	11.545
4512	FHA_06_126230_5	8	2513	869	1.892	0.654	39.979
4512	FHA_06_126230_5	9	2441	949	1.572	0.611	36.24
4512	FHA_06_126230_5	10	1465	657	1.23	0.552	24.806
4512	FHA_06_126230_5	11	1505	502	1.998	0.666	31.662
4512	FHA_06_126230_5	12	1204	468	1.573	0.611	25.455
4512	FHA_06_126230_5	13	1039	451	1.304	0.566	21.543
4512	FHA_06_126230_5	14	778	444	0.752	0.429	13.512
4512	FHA_06_126230_5	15	846	468	0.808	0.447	14.747
4512	FHA_06_126230_5	16	860	459	0.874	0.466	15.615
4512	FHA_06_126230_5	17	847	466	0.818	0.45	14.87
4512	FHA_06_126230_5	18	439	496	-0.115	0.115	2.636
4512	FHA_06_126230_5	19	335	430	-0.221	0.221	4.857
4512	FHA_06_126230_5	20	221	282	-0.216	0.216	3.846
4512	FHA_06_126230_5	21	185	237	-0.219	0.219	3.58
4512	FHA_06_126230_5	22	128	209	-0.388	0.388	6.24
4512	FHA_06_126230_5	23	58	157	-0.631	0.631	9.548
4512	FHA_06_126230_5	24	35	97	-0.639	0.639	7.632
452332	FHA_06_072030_1	1	361	770	-0.531	0.531	17.199
452332	FHA_06_072030_1	2	108	493	-0.781	0.781	22.209
452332	FHA_06_072030_1	3	278	380	-0.268	0.268	5.623
452332	FHA_06_072030_1	4	296	472	-0.373	0.373	8.981
452332	FHA_06_072030_1	5	1041	936	0.112	0.101	3.34
452332	FHA_06_072030_1	6	1759	2099	-0.162	0.162	7.741
452332	FHA_06_072030_1	7	1831	3344	-0.452	0.452	29.744
452332	FHA_06_072030_1	8	2269	4471	-0.493	0.493	37.932
452332	FHA_06_072030_1	9	2328	4872	-0.522	0.522	42.4
452332	FHA_06_072030_1	10	1935	4558	-0.575	0.575	46.035
452332	FHA_06_072030_1	11	1740	4563	-0.619	0.619	50.287
452332	FHA_06_072030_1	12	1767	4865	-0.637	0.637	53.799
452332	FHA_06_072030_1	13	1692	4979	-0.66	0.66	56.914
452332	FHA_06_072030_1	14	1657	4874	-0.66	0.66	56.296
452332	FHA_06_072030_1	15	1731	5121	-0.662	0.662	57.917
452332	FHA_06_072030_1	16	1622	5491	-0.705	0.705	64.876
452332	FHA_06_072030_1	17	1663	5506	-0.698	0.698	64.188
452332	FHA_06_072030_1	18	1633	5403	-0.698	0.698	63.561
452332	FHA_06_072030_1	19	1510	4423	-0.659	0.659	53.483
452332	FHA_06_072030_1	20	1482	3621	-0.591	0.591	42.346
452332	FHA_06_072030_1	21	1335	3115	-0.571	0.571	37.736
452332	FHA_06_072030_1	22	1331	2674	-0.502	0.502	30.012
452332	FHA_06_072030_1	23	1349	2150	-0.373	0.373	19.15
452332	FHA_06_072030_1	24	1256	1705	-0.263	0.263	11.669
47252	FHA_06_124010_1	1	54	676	-0.92	0.92	32.557
47252	FHA_06_124010_1	2	29	514	-0.944	0.944	29.435
47252	FHA_06_124010_1	3	36	412	-0.913	0.913	25.123
47252	FHA_06_124010_1	4	117	473	-0.753	0.753	20.727
47252	FHA_06_124010_1	5	528	897	-0.411	0.411	13.824
47252	FHA_06_124010_1	6	600	1707	-0.649	0.649	32.594
47252	FHA_06_124010_1	7	845	2948	-0.713	0.713	48.291
47252	FHA_06_124010_1	8	1022	3557	-0.713	0.713	52.979
47252	FHA_06_124010_1	9	840	3670	-0.771	0.771	59.595
47252	FHA_06_124010_1	10	891	3779	-0.764	0.764	59.766
47252	FHA_06_124010_1	11	899	4128	-0.782	0.782	64.406
47252	FHA_06_124010_1	12	806	4139	-0.805	0.805	67.03
47252	FHA_06_124010_1	13	763	4013	-0.81	0.81	66.507
47252	FHA_06_124010_1	14	709	4156	-0.829	0.829	69.89
47252	FHA_06_124010_1	15	730	4313	-0.831	0.831	71.354
47252	FHA_06_124010_1	16	830	4208	-0.803	0.803	67.305
47252	FHA_06_124010_1	17	764	4049	-0.811	0.811	66.964
47252	FHA_06_124010_1	18	678	3873	-0.825	0.825	66.978
47252	FHA_06_124010_1	19	720	3635	-0.802	0.802	62.468
47252	FHA_06_124010_1	20	658	3238	-0.797	0.797	58.455
47252	FHA_06_124010_1	21	674	2583	-0.739	0.739	47.306
47252	FHA_06_124010_1	22	658	2023	-0.675	0.675	37.282
47252	FHA_06_124010_1	23	625	1496	-0.582	0.582	26.746
47252	FHA_06_124010_1	24	610	1053	-0.421	0.421	15.363
548927	FHA_06_122190_5	1	172	670	-0.743	0.743	24.271
548927	FHA_06_122190_5	2	123	453	-0.728	0.728	19.445
548927	FHA_06_122190_5	3	137	390	-0.649	0.649	15.586
548927	FHA_06_122190_5	4	295	532	-0.445	0.445	11.655
548927	FHA_06_122190_5	5	608	1290	-0.529	0.529	22.139
548927	FHA_06_122190_5	6	2293	3539	-0.352	0.352	23.074
548927	FHA_06_122190_5	7	4008	5828	-0.312	0.312	25.952
548927	FHA_06_122190_5	8	5466	6482	-0.157	0.157	13.145
548927	FHA_06_122190_5	9	4755	6045	-0.213	0.213	17.555
548927	FHA_06_122190_5	10	4762	5023	-0.052	0.052	3.731
548927	FHA_06_122190_5	11	5012	4708	0.065	0.061	4.361
548927	FHA_06_122190_5	12	4930	4556	0.082	0.076	5.431
548927	FHA_06_122190_5	13	4609	4551	0.013	0.013	0.857
548927	FHA_06_122190_5	14	4667	4858	-0.039	0.039	2.768
548927	FHA_06_122190_5	15	4725	5091	-0.072	0.072	5.224
548927	FHA_06_122190_5	16	4720	5539	-0.148	0.148	11.435
548927	FHA_06_122190_5	17	4445	5594	-0.205	0.205	16.218
548927	FHA_06_122190_5	18	4041	5342	-0.244	0.244	18.994
548927	FHA_06_122190_5	19	3789	4770	-0.206	0.206	14.996
548927	FHA_06_122190_5	20	3543	3938	-0.1	0.1	6.459
548927	FHA_06_122190_5	21	3213	3256	-0.013	0.013	0.756
548927	FHA_06_122190_5	22	3112	2647	0.176	0.149	8.666
548927	FHA_06_122190_5	23	2697	1807	0.493	0.33	18.755
548927	FHA_06_122190_5	24	2499	1228	1.035	0.509	29.443
647729	FHA_06_077210-p2_3	1	432	391	0.105	0.095	2.021
647729	FHA_06_077210-p2_3	2	464	260	0.785	0.44	10.722
647729	FHA_06_077210-p2_3	3	467	227	1.057	0.514	12.884
647729	FHA_06_077210-p2_3	4	450	206	1.184	0.542	13.473
647729	FHA_06_077210-p2_3	5	798	291	1.742	0.635	21.727
647729	FHA_06_077210-p2_3	6	1355	482	1.811	0.644	28.805
647729	FHA_06_077210-p2_3	7	1666	678	1.457	0.593	28.86
647729	FHA_06_077210-p2_3	8	2001	969	1.065	0.516	26.78
647729	FHA_06_077210-p2_3	9	2002	984	1.035	0.508	26.346
647729	FHA_06_077210-p2_3	10	1951	909	1.146	0.534	27.555
647729	FHA_06_077210-p2_3	11	1948	968	1.012	0.503	25.665
647729	FHA_06_077210-p2_3	12	1961	1080	0.816	0.449	22.593
647729	FHA_06_077210-p2_3	13	1982	1193	0.661	0.398	19.803
647729	FHA_06_077210-p2_3	14	1967	1293	0.521	0.343	16.694
647729	FHA_06_077210-p2_3	15	1980	1367	0.448	0.31	14.985
647729	FHA_06_077210-p2_3	16	1949	1418	0.374	0.272	12.942
647729	FHA_06_077210-p2_3	17	1988	1421	0.399	0.285	13.734
647729	FHA_06_077210-p2_3	18	2019	1369	0.475	0.322	15.793
647729	FHA_06_077210-p2_3	19	2008	1285	0.563	0.36	17.818
647729	FHA_06_077210-p2_3	20	2006	1199	0.673	0.402	20.159
647729	FHA_06_077210-p2_3	21	2005	1058	0.895	0.472	24.199
647729	FHA_06_077210-p2_3	22	1987	902	1.203	0.546	28.548
647729	FHA_06_077210-p2_3	23	1954	750	1.605	0.616	32.744
647729	FHA_06_077210-p2_3	24	1967	591	2.328	0.7	38.475
647734	FHA_06_077210_3	1	166	1565	-0.894	0.894	47.554
647734	FHA_06_077210_3	2	101	1038	-0.903	0.903	39.264
647734	FHA_06_077210_3	3	125	907	-0.862	0.862	34.426
647734	FHA_06_077210_3	4	161	823	-0.804	0.804	29.845
647734	FHA_06_077210_3	5	327	1164	-0.719	0.719	30.655
647734	FHA_06_077210_3	6	1149	1930	-0.405	0.405	19.905
647734	FHA_06_077210_3	7	3534	2711	0.304	0.233	14.728
647734	FHA_06_077210_3	8	6692	3874	0.727	0.421	38.77
647734	FHA_06_077210_3	9	6228	3935	0.583	0.368	32.167
647734	FHA_06_077210_3	10	5561	3634	0.53	0.347	28.42
647734	FHA_06_077210_3	11	5662	3872	0.462	0.316	25.926
647734	FHA_06_077210_3	12	5767	4321	0.335	0.251	20.36
647734	FHA_06_077210_3	13	5839	4773	0.223	0.183	14.634
647734	FHA_06_077210_3	14	6306	5172	0.219	0.18	14.969
647734	FHA_06_077210_3	15	6326	5466	0.157	0.136	11.2
647734	FHA_06_077210_3	16	6460	5673	0.139	0.122	10.104
647734	FHA_06_077210_3	17	6373	5684	0.121	0.108	8.874
647734	FHA_06_077210_3	18	6543	5476	0.195	0.163	13.764
647734	FHA_06_077210_3	19	6331	5141	0.231	0.188	15.712
647734	FHA_06_077210_3	20	6172	4796	0.287	0.223	18.581
647734	FHA_06_077210_3	21	5759	4231	0.361	0.265	21.62
647734	FHA_06_077210_3	22	5354	3609	0.484	0.326	26.067
647734	FHA_06_077210_3	23	4739	3000	0.58	0.367	27.956
647734	FHA_06_077210_3	24	4163	2366	0.76	0.432	31.451
661734	FHA_06_129050_5	1	1133	2117	-0.465	0.465	24.41
661734	FHA_06_129050_5	2	554	1418	-0.609	0.609	27.515
661734	FHA_06_129050_5	3	926	1251	-0.26	0.26	9.851
661734	FHA_06_129050_5	4	1110	2104	-0.472	0.472	24.796
661734	FHA_06_129050_5	5	1897	5373	-0.647	0.647	57.654
661734	FHA_06_129050_5	6	5845	9530	-0.387	0.387	42.029
661734	FHA_06_129050_5	7	7373	11228	-0.343	0.343	39.973
661734	FHA_06_129050_5	8	8558	10933	-0.217	0.217	24.058
661734	FHA_06_129050_5	9	8217	10532	-0.22	0.22	23.91
661734	FHA_06_129050_5	10	7735	10159	-0.239	0.239	25.627
661734	FHA_06_129050_5	11	7401	10001	-0.26	0.26	27.873
661734	FHA_06_129050_5	12	7060	9976	-0.292	0.292	31.595
661734	FHA_06_129050_5	13	6800	10252	-0.337	0.337	37.385
661734	FHA_06_129050_5	14	6776	10389	-0.348	0.348	39
661734	FHA_06_129050_5	15	7310	10721	-0.318	0.318	35.924
661734	FHA_06_129050_5	16	7214	11299	-0.362	0.362	42.459
661734	FHA_06_129050_5	17	7167	11755	-0.39	0.39	47.169
661734	FHA_06_129050_5	18	7076	11632	-0.392	0.392	47.107
661734	FHA_06_129050_5	19	6527	10463	-0.376	0.376	42.704
661734	FHA_06_129050_5	20	5996	8674	-0.309	0.309	31.269
661734	FHA_06_129050_5	21	5449	7506	-0.274	0.274	25.558
661734	FHA_06_129050_5	22	5142	6688	-0.231	0.231	20.102
661734	FHA_06_129050_5	23	4756	5299	-0.102	0.102	7.658
661734	FHA_06_129050_5	24	4441	3786	0.173	0.147	10.213
757704	FHA_06_122260_7	1	259	1739	-0.851	0.851	46.825
757704	FHA_06_122260_7	2	189	1238	-0.847	0.847	39.272
757704	FHA_06_122260_7	3	211	936	-0.775	0.775	30.274
757704	FHA_06_122260_7	4	181	1441	-0.874	0.874	44.245
757704	FHA_06_122260_7	5	568	3384	-0.832	0.832	63.349
757704	FHA_06_122260_7	6	2207	6157	-0.642	0.642	61.081
757704	FHA_06_122260_7	7	5436	7119	-0.236	0.236	21.242
757704	FHA_06_122260_7	8	10028	7911	0.268	0.211	22.353
757704	FHA_06_122260_7	9	9771	7665	0.275	0.216	22.555
757704	FHA_06_122260_7	10	8922	6673	0.337	0.252	25.469
757704	FHA_06_122260_7	11	9083	6276	0.447	0.309	32.031
757704	FHA_06_122260_7	12	8871	6440	0.377	0.274	27.784
757704	FHA_06_122260_7	13	9002	6624	0.359	0.264	26.903
757704	FHA_06_122260_7	14	9012	6837	0.318	0.241	24.433
757704	FHA_06_122260_7	15	8887	7370	0.206	0.171	16.826
757704	FHA_06_122260_7	16	8722	7478	0.166	0.143	13.822
757704	FHA_06_122260_7	17	8584	7485	0.147	0.128	12.261
757704	FHA_06_122260_7	18	8357	7297	0.145	0.127	11.981
757704	FHA_06_122260_7	19	8022	6898	0.163	0.14	13.014
757704	FHA_06_122260_7	20	7126	5977	0.192	0.161	14.195
757704	FHA_06_122260_7	21	6411	4822	0.33	0.248	21.203
757704	FHA_06_122260_7	22	5668	4494	0.261	0.207	16.47
757704	FHA_06_122260_7	23	4644	3771	0.232	0.188	13.459
757704	FHA_06_122260_7	24	3559	2823	0.261	0.207	13.029
784993	FHA_06_070540_3	1	86	1602	-0.946	0.946	52.183
784993	FHA_06_070540_3	2	260	1176	-0.779	0.779	34.185
784993	FHA_06_070540_3	3	231	1117	-0.793	0.793	34.127
784993	FHA_06_070540_3	4	194	1239	-0.843	0.843	39.04
784993	FHA_06_070540_3	5	123	2074	-0.941	0.941	58.865
784993	FHA_06_070540_3	6	295	3559	-0.917	0.917	74.355
784993	FHA_06_070540_3	7	802	4844	-0.834	0.834	76.075
784993	FHA_06_070540_3	8	1131	6448	-0.825	0.825	86.373
784993	FHA_06_070540_3	9	1498	6410	-0.766	0.766	78.116
784993	FHA_06_070540_3	10	1051	5859	-0.821	0.821	81.798
784993	FHA_06_070540_3	11	1352	5721	-0.764	0.764	73.467
784993	FHA_06_070540_3	12	1032	5916	-0.826	0.826	82.863
784993	FHA_06_070540_3	13	1134	6013	-0.811	0.811	81.618
784993	FHA_06_070540_3	14	1271	6318	-0.799	0.799	81.932
784993	FHA_06_070540_3	15	1368	6692	-0.796	0.796	83.866
784993	FHA_06_070540_3	16	1351	6783	-0.801	0.801	85.177
784993	FHA_06_070540_3	17	1266	6789	-0.814	0.814	87.028
784993	FHA_06_070540_3	18	1126	6958	-0.838	0.838	91.732
784993	FHA_06_070540_3	19	1128	6722	-0.832	0.832	89.29
784993	FHA_06_070540_3	20	979	6425	-0.848	0.848	89.508
784993	FHA_06_070540_3	21	894	5812	-0.846	0.846	84.932
784993	FHA_06_070540_3	22	718	4696	-0.847	0.847	76.458
784993	FHA_06_070540_3	23	651	3413	-0.809	0.809	61.272
784993	FHA_06_070540_3	24	610	2463	-0.752	0.752	47.273
839652	FHA_06_071280_3	1	21	1467	-0.986	0.986	53.013
839652	FHA_06_071280_3	2	220	1039	-0.788	0.788	32.643
839652	FHA_06_071280_3	3	301	862	-0.651	0.651	23.264
839652	FHA_06_071280_3	4	172	953	-0.82	0.82	32.93
839652	FHA_06_071280_3	5	209	1276	-0.836	0.836	39.158
839652	FHA_06_071280_3	6	455	2189	-0.792	0.792	47.691
839652	FHA_06_071280_3	7	926	3582	-0.741	0.741	55.944
839652	FHA_06_071280_3	8	1966	5554	-0.646	0.646	58.514
839652	FHA_06_071280_3	9	1748	5582	-0.687	0.687	63.331
839652	FHA_06_071280_3	10	1663	4884	-0.66	0.66	56.297
839652	FHA_06_071280_3	11	1988	5181	-0.616	0.616	53.332
839652	FHA_06_071280_3	12	1921	5560	-0.654	0.654	59.5
839652	FHA_06_071280_3	13	2029	5914	-0.657	0.657	61.647
839652	FHA_06_071280_3	14	2221	6084	-0.635	0.635	59.947
839652	FHA_06_071280_3	15	2364	5712	-0.586	0.586	52.687
839652	FHA_06_071280_3	16	2415	5606	-0.569	0.569	50.388
839652	FHA_06_071280_3	17	2393	5669	-0.578	0.578	51.599
839652	FHA_06_071280_3	18	2289	5808	-0.606	0.606	55.306
839652	FHA_06_071280_3	19	1864	5945	-0.686	0.686	65.311
839652	FHA_06_071280_3	20	1637	6094	-0.731	0.731	71.687
839652	FHA_06_071280_3	21	1558	5774	-0.73	0.73	69.631
839652	FHA_06_071280_3	22	1421	4677	-0.696	0.696	58.967
839652	FHA_06_071280_3	23	1256	3469	-0.638	0.638	45.53
839652	FHA_06_071280_3	24	1060	2612	-0.594	0.594	36.221
839654	FHA_06_071280_7	1	128	1034	-0.876	0.876	37.587
839654	FHA_06_071280_7	2	114	871	-0.869	0.869	34.111
839654	FHA_06_071280_7	3	157	979	-0.84	0.84	34.49
839654	FHA_06_071280_7	4	153	1811	-0.916	0.916	52.909
839654	FHA_06_071280_7	5	446	4396	-0.899	0.899	80.279
839654	FHA_06_071280_7	6	1369	6419	-0.787	0.787	80.927
839654	FHA_06_071280_7	7	2918	6343	-0.54	0.54	50.332
839654	FHA_06_071280_7	8	6017	6467	-0.07	0.07	5.696
839654	FHA_06_071280_7	9	5274	6310	-0.164	0.164	13.613
839654	FHA_06_071280_7	10	3544	5842	-0.393	0.393	33.545
839654	FHA_06_071280_7	11	3867	5528	-0.3	0.3	24.235
839654	FHA_06_071280_7	12	3181	5499	-0.422	0.422	35.186
839654	FHA_06_071280_7	13	2492	5321	-0.532	0.532	45.263
839654	FHA_06_071280_7	14	2713	5397	-0.497	0.497	42.149
839654	FHA_06_071280_7	15	2532	5643	-0.551	0.551	48.66
839654	FHA_06_071280_7	16	3136	5724	-0.452	0.452	38.883
839654	FHA_06_071280_7	17	2309	5734	-0.597	0.597	54.009
839654	FHA_06_071280_7	18	2243	5888	-0.619	0.619	57.166
839654	FHA_06_071280_7	19	1832	5002	-0.634	0.634	54.23
839654	FHA_06_071280_7	20	1032	3600	-0.713	0.713	53.361
839654	FHA_06_071280_7	21	684	2901	-0.764	0.764	52.364
839654	FHA_06_071280_7	22	528	2544	-0.792	0.792	51.439
839654	FHA_06_071280_7	23	516	1980	-0.739	0.739	41.441
839654	FHA_06_071280_7	24	285	1378	-0.793	0.793	37.904
862620	FHA_06_126590_5	1	290	638	-0.545	0.545	16.155
862620	FHA_06_126590_5	2	162	398	-0.593	0.593	14.104
862620	FHA_06_126590_5	3	225	334	-0.326	0.326	6.52
862620	FHA_06_126590_5	4	343	564	-0.392	0.392	10.378
862620	FHA_06_126590_5	5	699	1515	-0.539	0.539	24.525
862620	FHA_06_126590_5	6	3499	3471	0.008	0.008	0.474
862620	FHA_06_126590_5	7	7265	5672	0.281	0.219	19.807
862620	FHA_06_126590_5	8	8630	5341	0.616	0.381	39.352
862620	FHA_06_126590_5	9	7963	4999	0.593	0.372	36.818
862620	FHA_06_126590_5	10	7596	4908	0.548	0.354	33.995
862620	FHA_06_126590_5	11	7462	4728	0.578	0.366	35.02
862620	FHA_06_126590_5	12	7747	4747	0.632	0.387	37.956
862620	FHA_06_126590_5	13	7634	4720	0.617	0.382	37.077
862620	FHA_06_126590_5	14	7483	4871	0.536	0.349	33.234
862620	FHA_06_126590_5	15	7650	5147	0.486	0.327	31.291
862620	FHA_06_126590_5	16	7589	5348	0.419	0.295	27.864
862620	FHA_06_126590_5	17	7822	5458	0.433	0.302	29.011
862620	FHA_06_126590_5	18	7592	5329	0.425	0.298	28.155
862620	FHA_06_126590_5	19	7270	4568	0.592	0.372	35.121
862620	FHA_06_126590_5	20	7031	3861	0.821	0.451	42.956
862620	FHA_06_126590_5	21	6210	3200	0.941	0.485	43.882
862620	FHA_06_126590_5	22	5836	2479	1.354	0.575	52.064
862620	FHA_06_126590_5	23	5508	1704	2.232	0.691	63.347
862620	FHA_06_126590_5	24	5069	1230	3.121	0.757	68.406
866457	FHA_06_070540_7	1	142	1156	-0.877	0.877	39.803
866457	FHA_06_070540_7	2	279	898	-0.689	0.689	25.516
866457	FHA_06_070540_7	3	167	965	-0.827	0.827	33.542
866457	FHA_06_070540_7	4	264	1606	-0.836	0.836	43.888
866457	FHA_06_070540_7	5	332	4196	-0.921	0.921	81.208
866457	FHA_06_070540_7	6	653	6998	-0.907	0.907	102.586
866457	FHA_06_070540_7	7	1350	6126	-0.78	0.78	78.117
866457	FHA_06_070540_7	8	2283	6792	-0.664	0.664	66.938
866457	FHA_06_070540_7	9	2234	6463	-0.654	0.654	64.131
866457	FHA_06_070540_7	10	1829	6033	-0.697	0.697	67.052
866457	FHA_06_070540_7	11	1812	5302	-0.658	0.658	58.517
866457	FHA_06_070540_7	12	1674	5340	-0.687	0.687	61.905
866457	FHA_06_070540_7	13	1765	5616	-0.686	0.686	63.391
866457	FHA_06_070540_7	14	1550	5791	-0.732	0.732	70.001
866457	FHA_06_070540_7	15	1678	6230	-0.731	0.731	72.391
866457	FHA_06_070540_7	16	1692	6532	-0.741	0.741	75.478
866457	FHA_06_070540_7	17	1285	6702	-0.808	0.808	85.72
866457	FHA_06_070540_7	18	1105	6806	-0.838	0.838	90.646
866457	FHA_06_070540_7	19	1108	6046	-0.817	0.817	82.564
866457	FHA_06_070540_7	20	754	4339	-0.826	0.826	71.042
866457	FHA_06_070540_7	21	599	3635	-0.835	0.835	65.984
866457	FHA_06_070540_7	22	496	3196	-0.845	0.845	62.842
866457	FHA_06_070540_7	23	356	2498	-0.857	0.857	56.703
866457	FHA_06_070540_7	24	382	1746	-0.781	0.781	41.816
88205	FHA_06_077020_5	1	907	2980	-0.696	0.696	47.023
88205	FHA_06_077020_5	2	567	2348	-0.759	0.759	46.651
88205	FHA_06_077020_5	3	1018	2177	-0.532	0.532	28.998
88205	FHA_06_077020_5	4	1132	1840	-0.385	0.385	18.366
88205	FHA_06_077020_5	5	1874	2592	-0.277	0.277	15.194
88205	FHA_06_077020_5	6	5717	4643	0.231	0.188	14.922
88205	FHA_06_077020_5	7	7628	5878	0.298	0.229	21.296
88205	FHA_06_077020_5	8	7909	5857	0.35	0.259	24.734
88205	FHA_06_077020_5	9	7314	5960	0.227	0.185	16.62
88205	FHA_06_077020_5	10	7167	5789	0.238	0.192	17.121
88205	FHA_06_077020_5	11	7461	5583	0.336	0.252	23.254
88205	FHA_06_077020_5	12	7313	5530	0.322	0.244	22.25
88205	FHA_06_077020_5	13	7328	5626	0.303	0.232	21.148
88205	FHA_06_077020_5	14	7375	5594	0.318	0.241	22.117
88205	FHA_06_077020_5	15	7378	5396	0.367	0.269	24.8
88205	FHA_06_077020_5	16	7550	4991	0.513	0.339	32.316
88205	FHA_06_077020_5	17	7292	4596	0.587	0.37	34.969
88205	FHA_06_077020_5	18	7278	4830	0.507	0.336	31.462
88205	FHA_06_077020_5	19	7325	5313	0.379	0.275	25.311
88205	FHA_06_077020_5	20	7207	5434	0.326	0.246	22.301
88205	FHA_06_077020_5	21	7209	5391	0.337	0.252	22.905
88205	FHA_06_077020_5	22	7106	5242	0.356	0.262	23.723
88205	FHA_06_077020_5	23	6930	5072	0.366	0.268	23.985
88205	FHA_06_077020_5	24	6886	4297	0.603	0.376	34.623
895369	FHA_06_126590-p2_1	1	489	236	1.072	0.517	13.288
895369	FHA_06_126590-p2_1	2	219	143	0.531	0.347	5.649
895369	FHA_06_126590-p2_1	3	249	122	1.041	0.51	9.325
895369	FHA_06_126590-p2_1	4	333	202	0.649	0.393	8.01
895369	FHA_06_126590-p2_1	5	887	506	0.753	0.43	14.437
895369	FHA_06_126590-p2_1	6	1992	1168	0.705	0.414	20.73
895369	FHA_06_126590-p2_1	7	2852	1608	0.774	0.436	26.343
895369	FHA_06_126590-p2_1	8	2864	1968	0.455	0.313	18.229
895369	FHA_06_126590-p2_1	9	2754	2009	0.371	0.271	15.266
895369	FHA_06_126590-p2_1	10	2824	1754	0.61	0.379	22.365
895369	FHA_06_126590-p2_1	11	2909	1760	0.653	0.395	23.781
895369	FHA_06_126590-p2_1	12	2586	1814	0.426	0.299	16.459
895369	FHA_06_126590-p2_1	13	2512	1918	0.31	0.236	12.621
895369	FHA_06_126590-p2_1	14	2598	2095	0.24	0.194	10.384
895369	FHA_06_126590-p2_1	15	2563	2289	0.12	0.107	5.563
895369	FHA_06_126590-p2_1	16	2326	2392	-0.028	0.028	1.359
895369	FHA_06_126590-p2_1	17	2405	2418	-0.005	0.005	0.265
895369	FHA_06_126590-p2_1	18	2274	2429	-0.064	0.064	3.196
895369	FHA_06_126590-p2_1	19	2245	2237	0.004	0.004	0.169
895369	FHA_06_126590-p2_1	20	2325	1761	0.32	0.243	12.478
895369	FHA_06_126590-p2_1	21	2361	1422	0.66	0.398	21.59
895369	FHA_06_126590-p2_1	22	2359	1119	1.108	0.526	29.735
895369	FHA_06_126590-p2_1	23	2179	779	1.797	0.642	36.404
895369	FHA_06_126590-p2_1	24	1955	468	3.177	0.761	42.722
895562	FHA_06_126590-p2_5	1	221	255	-0.133	0.133	2.204
895562	FHA_06_126590-p2_5	2	180	159	0.132	0.117	1.613
895562	FHA_06_126590-p2_5	3	213	134	0.59	0.371	5.998
895562	FHA_06_126590-p2_5	4	358	226	0.584	0.369	7.725
895562	FHA_06_126590-p2_5	5	560	606	-0.076	0.076	1.905
895562	FHA_06_126590-p2_5	6	1734	1388	0.249	0.2	8.757
895562	FHA_06_126590-p2_5	7	2196	2269	-0.032	0.032	1.545
895562	FHA_06_126590-p2_5	8	2260	2136	0.058	0.055	2.645
895562	FHA_06_126590-p2_5	9	2249	2000	0.124	0.111	5.402
895562	FHA_06_126590-p2_5	10	2163	1963	0.102	0.092	4.403
895562	FHA_06_126590-p2_5	11	2213	1891	0.17	0.146	7.108
895562	FHA_06_126590-p2_5	12	2085	1899	0.098	0.089	4.167
895562	FHA_06_126590-p2_5	13	1986	1888	0.052	0.049	2.227
895562	FHA_06_126590-p2_5	14	1864	1949	-0.044	0.044	1.947
895562	FHA_06_126590-p2_5	15	1884	2059	-0.085	0.085	3.941
895562	FHA_06_126590-p2_5	16	1776	2139	-0.17	0.17	8.205
895562	FHA_06_126590-p2_5	17	1789	2183	-0.18	0.18	8.841
895562	FHA_06_126590-p2_5	18	1734	2131	-0.186	0.186	9.031
895562	FHA_06_126590-p2_5	19	1763	1827	-0.035	0.035	1.511
895562	FHA_06_126590-p2_5	20	1749	1544	0.133	0.117	5.052
895562	FHA_06_126590-p2_5	21	1618	1280	0.264	0.209	8.879
895562	FHA_06_126590-p2_5	22	1530	992	0.542	0.352	15.15
895562	FHA_06_126590-p2_5	23	1549	681	1.275	0.56	25.995
895562	FHA_06_126590-p2_5	24	1469	492	1.986	0.665	31.201
89969	FHA_06_073600_5	1	99	332	-0.702	0.702	15.872
89969	FHA_06_073600_5	2	83	204	-0.593	0.593	10.101
89969	FHA_06_073600_5	3	174	170	0.024	0.023	0.305
89969	FHA_06_073600_5	4	205	204	0.005	0.005	0.07
89969	FHA_06_073600_5	5	391	438	-0.107	0.107	2.309
89969	FHA_06_073600_5	6	1419	1248	0.137	0.121	4.683
89969	FHA_06_073600_5	7	2742	2311	0.186	0.157	8.575
89969	FHA_06_073600_5	8	4484	3208	0.398	0.285	20.575
89969	FHA_06_073600_5	9	4347	2991	0.453	0.312	22.386
89969	FHA_06_073600_5	10	4137	2582	0.602	0.376	26.828
89969	FHA_06_073600_5	11	4372	2338	0.87	0.465	35.116
89969	FHA_06_073600_5	12	4299	2303	0.867	0.464	34.741
89969	FHA_06_073600_5	13	4053	2340	0.732	0.423	30.298
89969	FHA_06_073600_5	14	3982	2362	0.686	0.407	28.764
89969	FHA_06_073600_5	15	4068	2491	0.633	0.388	27.538
89969	FHA_06_073600_5	16	4265	2713	0.572	0.364	26.275
89969	FHA_06_073600_5	17	4249	2892	0.469	0.319	22.71
89969	FHA_06_073600_5	18	4289	3056	0.403	0.287	20.346
89969	FHA_06_073600_5	19	4036	2614	0.544	0.352	24.661
89969	FHA_06_073600_5	20	3596	2055	0.75	0.429	28.99
89969	FHA_06_073600_5	21	3177	1612	0.971	0.493	31.982
89969	FHA_06_073600_5	22	2983	1417	1.105	0.525	33.387
89969	FHA_06_073600_5	23	2659	1054	1.523	0.604	37.25
89969	FHA_06_073600_5	24	2112	677	2.12	0.679	38.428
